goods 726
bids 1001

0	2928.71	2	3	60	75	76	88	89	90	91	92	94	96	103	104	105	106	107	109	110	113	120	121	122	123	124	125	126	135	137	138	141	152	153	154	256	#
1	3569.24	12	13	28	30	44	45	46	59	60	61	62	75	76	77	79	93	94	95	109	110	111	124	125	126	141	145	160	161	176	177	192	194	208	210	256	#
2	906.339	5	6	7	8	21	22	23	39	40	166	182	257	#
3	1068.85	5	6	7	8	22	23	39	40	54	55	70	257	#
4	1045.64	134	135	149	150	164	165	166	167	168	180	181	182	184	258	#
5	1177.49	166	167	168	169	184	185	186	201	202	217	218	232	233	258	#
6	297.95	133	134	150	159	259	#
7	313.486	117	118	133	134	259	#
8	759.993	13	14	15	29	30	31	45	46	242	243	260	#
9	892.258	176	192	208	212	225	226	227	228	242	243	260	#
10	366.216	137	138	151	152	153	154	167	168	261	#
11	529.517	122	123	138	139	154	155	171	188	261	#
12	70.7083	113	#
13	4124.49	1	2	5	7	17	18	19	22	33	34	50	62	77	78	93	94	108	109	110	123	165	176	179	180	181	192	193	195	196	197	208	209	210	211	212	226	227	229	243	244	245	262	#
14	4299.62	4	5	7	8	9	15	22	23	24	25	26	29	30	31	39	40	41	42	43	44	45	46	47	55	56	57	58	59	60	61	62	63	71	72	74	76	77	78	93	109	179	262	#
15	83.7931	182	#
16	674.643	47	61	62	76	77	78	92	94	222	223	263	#
17	956.526	60	61	75	76	77	92	93	107	108	123	263	#
18	476.916	38	40	41	56	98	99	100	115	264	#
19	690.945	22	23	38	39	54	55	71	72	264	#
20	1535.51	10	12	13	14	15	25	26	27	28	29	30	31	42	43	46	47	59	62	63	78	79	265	#
21	1968.26	7	8	9	10	13	23	24	25	26	27	28	29	40	41	42	43	44	56	58	72	74	265	#
22	909.171	176	192	208	224	225	227	240	241	242	243	266	#
23	1015.95	160	177	192	193	208	224	225	240	241	242	266	#
24	1646.34	17	32	33	48	49	64	65	80	81	96	97	98	112	113	128	144	145	155	160	161	178	267	#
25	2064.01	98	99	128	132	144	145	147	148	160	161	162	163	176	177	178	192	193	194	195	208	209	267	#
26	72.02	230	#
27	142.964	200	216	268	#
28	205.054	200	215	268	#
29	79.0113	106	#
30	142.582	208	224	269	#
31	126.573	208	209	269	#
32	54.2066	95	#
33	549.149	179	180	201	217	218	234	235	270	#
34	560.262	140	141	174	235	236	237	250	270	#
35	225.343	11	26	27	138	271	#
36	333.208	26	41	43	44	271	#
37	242.374	0	16	33	49	272	#
38	307.141	30	45	49	139	272	#
39	424.888	43	59	74	75	91	107	108	273	#
40	536.432	12	13	14	28	29	43	44	273	#
41	673.572	0	1	17	32	33	34	50	51	102	274	#
42	766.715	17	33	34	49	51	67	68	84	134	274	#
43	213.101	188	189	#
44	2084.34	8	22	25	38	39	40	52	53	55	56	71	87	109	192	208	209	224	225	240	245	275	#
45	1909.6	7	8	9	10	22	23	25	39	40	67	82	83	84	99	100	115	117	167	168	184	275	#
46	2503.53	157	171	172	173	186	187	189	190	191	202	203	204	205	206	207	218	219	220	221	222	223	234	235	236	237	238	239	251	253	254	255	276	#
47	3059.29	14	38	54	75	91	94	107	108	110	124	125	126	141	143	161	162	178	200	201	202	214	215	216	217	218	219	220	232	234	235	250	276	#
48	1487.23	44	59	60	97	120	121	135	136	137	150	151	152	153	154	167	168	170	171	186	204	221	277	#
49	2130.12	0	40	55	71	87	88	102	103	104	116	117	120	121	123	137	138	139	154	155	170	171	277	#
50	255.192	55	72	278	#
51	96.892	72	73	278	#
52	257.059	98	99	114	115	279	#
53	366.732	84	99	100	115	279	#
54	222.539	97	112	113	280	#
55	275.305	112	128	144	280	#
56	580.934	130	131	150	151	152	167	168	281	#
57	761.056	131	132	133	149	150	166	182	281	#
58	1159.93	0	1	2	4	5	6	7	8	9	10	19	20	24	25	40	41	56	282	#
59	1605.3	6	7	8	9	10	24	25	40	96	112	113	114	126	142	143	158	159	282	#
60	3040.02	94	99	110	111	113	114	115	123	124	125	126	129	130	140	141	142	143	146	147	148	158	159	172	173	174	175	187	188	189	283	#
61	3224.66	33	34	50	66	67	80	81	82	83	85	86	87	99	100	113	114	115	116	117	118	119	129	131	132	144	147	148	160	163	283	#
62	678.652	153	169	185	186	187	200	201	202	218	219	220	284	#
63	906.155	10	26	42	171	172	185	186	187	188	201	202	284	#
64	1827.35	2	24	40	41	54	55	70	71	72	88	96	102	103	104	113	119	120	121	129	135	136	137	144	285	#
65	2271.3	7	8	9	22	23	24	25	37	38	40	41	44	53	54	55	70	71	72	84	85	86	87	176	285	#
66	1228.21	39	55	67	68	70	83	84	85	86	99	100	101	102	115	118	286	#
67	1512.89	10	26	83	84	85	86	87	99	100	101	103	104	120	234	250	286	#
68	99.3677	206	#
69	956.919	37	38	39	84	85	99	100	113	114	115	116	287	#
70	1054.07	100	102	116	117	118	119	132	134	147	148	149	287	#
71	403.922	155	201	217	218	219	288	#
72	495.272	123	124	139	155	156	288	#
73	776.532	14	15	30	126	127	143	159	174	175	191	289	#
74	760.454	14	15	28	29	30	31	42	43	44	45	289	#
75	1087.05	10	22	23	24	25	39	40	41	54	55	56	57	70	225	240	241	242	290	#
76	1475.68	37	53	68	69	70	83	84	85	86	87	100	102	103	116	117	133	149	290	#
77	1832.16	103	104	120	121	134	135	136	137	138	151	152	167	168	169	170	171	172	183	185	186	188	291	#
78	2238.91	116	132	134	136	147	149	150	151	152	158	162	163	166	167	168	169	182	183	200	215	220	291	#
79	1776.83	2	19	34	38	48	49	50	51	53	64	65	66	67	68	80	83	96	112	113	129	234	292	#
80	2015.58	6	7	13	21	22	29	34	37	38	40	43	44	49	51	53	54	55	67	68	69	105	292	#
81	517.692	18	32	33	34	49	50	66	67	293	#
82	571.131	2	18	20	34	35	50	51	52	293	#
83	440.902	186	188	202	203	204	219	220	236	237	294	#
84	610.461	185	200	201	202	218	219	220	234	250	294	#
85	1149.2	23	38	39	40	52	53	54	55	71	72	87	88	103	120	233	234	295	#
86	1456.24	7	23	24	37	39	54	55	70	71	87	103	118	119	120	121	134	295	#
87	136.519	235	236	251	296	#
88	160.085	196	236	251	296	#
89	1509.75	169	183	186	200	201	202	203	204	217	218	219	220	232	233	234	235	236	248	251	297	#
90	1719.65	189	192	193	203	204	205	208	209	210	219	220	221	225	226	236	237	238	240	242	297	#
91	1051.53	18	65	66	166	167	168	169	182	183	184	197	198	298	#
92	1107.24	164	165	181	182	196	197	198	212	214	229	244	245	298	#
93	143.852	189	205	206	299	#
94	98.7799	204	205	206	299	#
95	375.604	34	48	49	50	51	65	66	68	300	#
96	461.047	48	65	66	80	96	97	139	156	300	#
97	54.5978	41	#
98	56.488	190	205	221	#
99	117.597	24	#
100	537.77	66	183	184	199	200	215	302	#
101	535.798	112	113	129	145	183	200	302	#
102	1293.99	141	142	156	157	158	171	172	173	186	187	188	189	202	203	217	218	219	303	#
103	1527.28	92	108	158	171	172	173	186	188	189	202	203	204	219	220	235	250	251	303	#
104	386.074	37	38	52	53	68	304	#
105	504.759	21	37	38	53	54	304	#
106	1665.6	5	9	21	22	25	36	37	38	40	52	53	54	55	56	69	70	71	72	95	172	173	305	#
107	1903.93	123	126	139	140	141	142	143	156	157	159	172	173	174	175	189	190	198	205	206	215	231	305	#
108	531.341	196	209	211	212	225	226	228	229	230	246	306	#
109	724.903	179	194	196	197	209	210	211	212	213	226	306	#
110	1186.38	141	158	163	164	165	166	174	180	181	182	183	190	198	199	307	#
111	1221.52	131	133	147	148	149	150	163	164	165	166	180	181	182	195	307	#
112	428.646	186	201	202	217	232	233	308	#
113	552.94	201	216	217	232	233	234	308	#
114	462.009	174	192	208	224	225	240	309	#
115	496.915	155	171	208	224	225	240	309	#
116	63.1096	68	#
117	473.13	119	134	148	149	310	#
118	453.137	132	148	149	164	310	#
119	3165.62	96	97	98	100	110	111	113	114	116	119	126	129	130	131	132	133	134	135	142	143	144	146	147	148	149	150	165	166	180	182	197	198	311	#
120	3283.14	133	134	148	149	165	166	167	179	180	182	183	184	185	186	196	199	200	201	213	214	215	216	217	218	222	223	234	236	237	238	239	253	311	#
121	461.806	211	212	214	227	228	229	242	312	#
122	533.242	164	165	180	196	211	212	228	312	#
123	196.379	204	205	206	313	#
124	222.277	188	204	205	313	#
125	526.164	62	76	78	92	93	94	95	110	314	#
126	737.479	46	61	62	63	77	79	93	94	314	#
127	53.0848	143	159	#
128	347.263	0	225	226	241	242	315	#
129	427.112	0	1	16	18	33	315	#
130	176.711	237	253	316	#
131	190.623	253	254	316	#
132	111.354	55	#
133	1855.13	24	25	97	112	113	129	130	131	132	145	146	161	162	163	177	178	179	195	207	211	222	226	230	246	317	#
134	2164.21	6	7	8	9	10	11	12	13	21	22	23	24	25	26	27	28	38	39	40	52	53	54	56	147	317	#
135	144.271	201	202	218	318	#
136	163.367	201	202	217	318	#
137	659.561	18	32	34	48	49	50	64	65	80	81	98	319	#
138	834.899	98	99	114	177	179	180	181	194	195	196	197	319	#
139	367.915	237	253	254	255	320	#
140	262.505	220	237	253	254	320	#
141	1228.33	43	59	74	75	76	89	90	91	92	105	121	122	138	321	#
142	1225.52	18	19	74	75	87	88	89	90	91	105	122	138	245	321	#
143	367.576	73	74	75	90	322	#
144	316.64	74	230	231	246	322	#
145	502.805	70	71	86	87	88	89	90	323	#
146	596.718	38	54	55	70	71	86	87	323	#
147	332.518	1	2	17	233	248	324	#
148	417.953	16	17	18	32	33	324	#
149	233.96	129	130	146	162	325	#
150	307.896	162	177	178	179	325	#
151	68.9491	184	#
152	176.234	215	231	246	326	#
153	257.769	198	215	231	326	#
154	108.45	212	228	240	327	#
155	140.024	196	212	228	327	#
156	1129.62	88	103	104	105	118	119	120	121	122	123	136	137	138	154	328	#
157	1389.85	71	85	86	87	88	100	108	109	123	124	125	139	140	141	328	#
158	330.979	138	154	155	170	329	#
159	356.676	155	171	172	188	329	#
160	109.12	186	187	#
161	68.2045	202	218	219	#
162	149.371	39	160	177	#
163	148.406	228	229	243	244	331	#
164	85.8727	102	228	229	244	331	#
165	491.346	55	70	71	85	86	87	102	332	#
166	625.636	55	69	70	71	72	85	87	332	#
167	1014.23	28	29	235	236	237	238	239	251	252	253	254	255	333	#
168	1009.16	234	235	236	237	238	239	250	251	252	253	254	255	333	#
169	44.6033	167	#
170	539.935	169	171	185	186	201	202	334	#
171	610.317	134	135	171	185	186	201	334	#
172	700.505	14	15	29	30	31	45	46	62	63	79	335	#
173	881.398	13	29	30	31	45	46	74	75	91	220	335	#
174	843.386	53	54	69	70	85	99	100	116	117	336	#
175	985.24	36	37	38	52	53	54	55	70	71	336	#
176	287.418	5	22	38	337	#
177	291.244	5	21	22	337	#
178	1570.12	0	1	16	17	18	33	49	50	80	172	188	218	219	234	235	250	251	338	#
179	1555.67	37	38	50	51	52	53	54	55	65	66	67	68	71	72	82	83	115	338	#
180	330.482	156	171	172	173	186	339	#
181	319.268	156	171	172	173	187	339	#
182	243.352	94	110	125	340	#
183	282.006	94	110	126	340	#
184	530.581	55	70	71	72	73	87	88	341	#
185	747.934	38	53	54	55	71	87	88	341	#
186	84.9655	129	#
187	869.166	192	193	194	208	209	210	224	225	226	227	240	241	342	#
188	985.27	177	192	193	208	209	210	212	225	226	227	228	243	342	#
189	596.271	28	43	44	59	74	75	343	#
190	571.773	29	43	44	59	60	75	343	#
191	1870.63	7	23	40	41	42	43	44	45	56	60	61	62	76	78	79	220	221	222	237	238	254	344	#
192	2089.08	7	155	172	188	189	201	203	204	205	206	217	219	220	221	234	235	236	237	250	251	252	344	#
193	550.054	198	212	213	214	227	228	229	345	#
194	726.232	8	9	10	25	197	198	214	345	#
195	1284.44	0	16	32	115	116	117	129	130	131	132	133	134	146	149	150	346	#
196	1415.75	112	128	129	130	131	144	145	158	160	161	162	163	176	177	178	346	#
197	1004.48	87	88	101	102	103	117	118	119	120	121	135	137	151	167	347	#
198	1307.76	102	103	106	118	119	121	122	123	134	135	138	150	151	224	347	#
199	253.939	8	25	40	348	#
200	243.941	6	7	8	348	#
201	748.878	153	155	169	170	171	172	186	201	349	#
202	704.532	155	169	170	186	187	201	202	203	349	#
203	356.127	210	225	226	241	350	#
204	440.871	160	225	240	241	350	#
205	434.016	100	126	142	158	159	351	#
206	557.957	93	109	110	126	127	351	#
207	172.681	170	186	202	352	#
208	162.021	202	203	219	352	#
209	114.358	100	#
210	83.4267	207	#
211	99.5673	129	146	#
212	2309.32	10	41	44	45	56	57	58	59	60	61	73	74	75	76	77	90	91	92	93	94	106	174	175	189	190	205	221	233	353	#
213	2891.02	8	9	10	24	25	39	40	41	55	56	57	58	71	72	74	76	77	90	91	92	106	122	149	150	166	167	174	190	353	#
214	528.471	2	3	4	18	19	20	35	137	354	#
215	653.781	0	1	2	16	17	19	172	188	354	#
216	284.736	14	15	29	30	355	#
217	405.086	14	30	45	46	355	#
218	1069.09	171	186	199	201	217	218	232	233	234	235	248	249	250	251	356	#
219	1133.96	103	104	105	123	139	155	156	170	171	185	186	188	201	205	356	#
220	155.573	83	#
221	150.95	158	167	357	#
222	222.884	142	158	357	#
223	186.706	123	139	358	#
224	111.436	123	138	358	#
225	79.2896	65	80	81	359	#
226	91.696	66	81	82	359	#
227	1060.48	204	205	220	221	223	235	236	237	238	252	253	254	255	360	#
228	1262.23	173	189	204	205	220	221	222	235	237	250	251	252	253	360	#
229	745.735	61	76	77	91	92	106	107	108	184	185	361	#
230	943.585	61	74	76	77	89	91	92	93	108	124	361	#
231	1059.64	7	22	23	24	38	39	40	44	53	54	56	362	#
232	1063.56	7	22	23	24	38	40	41	55	71	86	87	362	#
233	125.245	113	114	363	#
234	180.561	96	113	363	#
235	343.021	7	23	24	39	40	364	#
236	373.934	7	23	24	40	56	364	#
237	782.533	41	42	133	134	148	149	150	165	182	365	#
238	911.954	25	26	116	133	134	148	149	150	166	365	#
239	477.807	120	121	135	136	137	153	366	#
240	482.077	16	89	105	120	121	137	366	#
241	464.685	58	59	74	90	367	#
242	456.783	58	73	74	90	367	#
243	207.291	41	57	58	73	368	#
244	268.313	26	41	57	73	368	#
245	343.865	3	4	16	17	18	19	20	369	#
246	474.378	20	36	37	51	52	53	68	369	#
247	314.56	69	70	85	86	101	102	370	#
248	447.851	84	85	99	100	101	117	370	#
249	396.193	11	12	27	28	29	45	371	#
250	496.26	13	14	28	29	43	45	371	#
251	865.384	16	17	18	19	32	33	35	48	49	50	372	#
252	923.441	16	32	33	48	49	50	64	66	82	132	372	#
253	117.351	84	#
254	1505.61	180	181	195	196	197	198	211	212	213	214	215	227	228	229	230	231	232	233	244	245	246	373	#
255	2089.03	165	166	179	180	182	183	185	195	196	197	198	199	200	201	212	215	216	217	231	233	234	373	#
256	142.267	74	89	374	#
257	139.393	89	90	374	#
258	223.151	64	65	80	81	220	236	375	#
259	305.16	64	80	114	115	130	131	375	#
260	1715.24	124	126	139	140	141	142	143	155	156	157	158	159	171	172	173	174	175	189	205	376	#
261	1933.81	56	72	73	142	159	168	172	173	174	175	184	185	189	190	191	201	206	207	218	376	#
262	621.708	68	76	84	91	100	108	109	116	117	118	377	#
263	926.427	102	116	117	118	119	133	134	135	149	150	377	#
264	2327.76	77	93	110	125	126	127	132	133	134	135	141	142	143	148	149	150	151	157	158	159	167	175	183	190	191	205	378	#
265	2543.06	90	104	105	106	116	119	120	121	122	132	133	134	135	136	137	138	149	150	154	166	167	187	188	190	191	205	378	#
266	902.393	134	135	136	151	179	192	195	196	209	225	240	241	379	#
267	1060.45	103	105	119	120	121	134	135	136	137	150	151	153	379	#
268	572.683	193	208	209	210	224	225	240	241	380	#
269	838.027	177	178	179	180	194	195	196	210	380	#
270	999.803	135	148	149	150	153	164	165	166	167	180	183	184	381	#
271	1287.09	103	118	119	120	135	136	148	149	150	151	152	167	381	#
272	665.63	55	75	78	93	94	107	108	110	382	#
273	598.637	93	94	95	109	110	111	126	229	382	#
274	750.086	48	137	153	154	169	170	186	202	218	219	234	235	383	#
275	1038.28	116	132	133	148	149	154	155	167	169	170	184	185	383	#
276	720.178	94	223	237	238	239	252	254	255	384	#
277	712.391	10	26	41	71	223	238	239	254	384	#
278	220.878	193	208	209	225	385	#
279	315.528	193	209	210	226	385	#
280	315.595	62	79	94	95	161	386	#
281	449.669	62	63	78	79	94	386	#
282	151.881	59	60	387	#
283	158.802	58	59	387	#
284	124.401	17	203	219	235	388	#
285	154.18	0	16	17	32	388	#
286	1340.65	66	67	69	81	83	84	85	98	99	100	101	114	117	389	#
287	1344.07	34	50	66	67	83	84	99	183	199	200	215	227	231	389	#
288	543.581	176	177	193	208	209	212	226	227	242	244	390	#
289	725.116	160	176	177	192	193	208	209	224	226	240	390	#
290	775.865	84	99	100	101	116	117	131	132	391	#
291	918.12	85	100	116	117	132	133	149	150	391	#
292	160.492	201	217	392	#
293	148.845	186	201	392	#
294	1817.38	12	13	14	15	28	29	45	59	60	61	75	76	77	78	79	90	91	92	93	105	106	393	#
295	2035.23	83	90	99	100	103	104	105	106	115	119	120	121	122	123	128	129	130	134	135	136	137	393	#
296	482.791	10	11	12	26	27	192	394	#
297	603.373	7	9	10	11	24	25	394	#
298	559.023	216	217	233	234	235	236	248	249	250	251	395	#
299	816.413	135	150	151	167	183	198	199	200	215	216	395	#
300	317.757	211	226	227	242	244	396	#
301	443.737	208	209	210	226	242	396	#
302	1516.82	5	7	8	21	22	23	24	25	26	36	38	39	40	42	54	179	397	#
303	1553.32	5	7	11	21	22	23	24	25	26	39	40	41	162	163	179	180	397	#
304	406.677	141	142	158	175	398	#
305	466.68	143	158	159	175	398	#
306	139.682	54	#
307	413.568	73	74	91	92	108	109	110	399	#
308	600.714	77	92	93	94	108	110	125	399	#
309	411.106	38	39	53	54	400	#
310	449.828	22	38	39	54	400	#
311	1570.71	64	80	81	82	96	97	99	100	101	102	112	113	114	115	116	128	129	132	133	144	148	164	401	#
312	2184.74	103	119	120	121	132	133	134	135	136	137	139	148	149	150	151	154	164	165	166	167	168	180	401	#
313	163.752	161	162	#
314	6.75868	218	#
315	471.673	86	87	100	101	102	103	104	120	402	#
316	662.522	72	88	103	104	105	120	135	139	402	#
317	1330.4	91	93	94	107	108	207	220	223	235	236	237	238	251	252	253	254	255	403	#
318	1395.62	6	7	17	22	24	33	74	91	93	94	107	108	109	110	124	126	144	403	#
319	311.549	62	63	78	79	95	404	#
320	451.267	30	46	62	63	79	404	#
321	733.814	23	39	40	92	93	107	108	123	405	#
322	844.395	90	93	106	107	108	123	124	125	405	#
323	239.818	176	192	193	406	#
324	330.73	50	67	193	406	#
325	619.294	74	139	156	157	172	173	188	217	231	232	407	#
326	840.531	123	124	139	140	156	157	171	172	186	187	407	#
327	36.2632	183	#
328	1652.98	67	80	81	82	83	84	96	97	98	99	100	113	114	115	116	117	129	131	132	147	408	#
329	1816.24	87	88	103	116	117	119	120	131	132	133	134	147	149	150	151	164	165	167	168	180	408	#
330	197.048	192	208	209	409	#
331	131.1	208	224	225	409	#
332	64.3471	12	#
333	772.229	22	154	169	186	201	202	203	218	219	235	236	410	#
334	1062.4	84	100	124	138	139	140	153	154	156	170	171	410	#
335	330.566	1	17	18	19	34	51	411	#
336	408.783	32	33	34	50	51	68	411	#
337	608.491	135	149	150	166	167	184	197	214	412	#
338	734.488	101	117	132	133	134	149	150	166	412	#
339	746.2	34	49	50	64	65	66	80	81	82	97	98	413	#
340	854.663	32	33	34	49	50	64	65	66	67	80	82	413	#
341	1546.71	167	183	200	215	231	232	233	234	235	236	237	243	244	245	246	247	248	249	414	#
342	1798.06	166	171	182	183	186	197	198	200	201	214	215	228	231	232	244	245	246	248	414	#
343	1080.09	5	6	7	8	22	23	24	25	37	38	39	40	41	415	#
344	1128.91	4	5	6	18	19	20	21	22	36	37	38	39	54	415	#
345	1773.64	55	56	57	71	72	73	88	89	90	91	104	105	106	109	121	122	123	124	125	139	416	#
346	1999.64	38	51	53	54	55	56	67	68	69	70	71	72	83	84	85	87	192	193	205	209	416	#
347	555.444	81	96	176	192	193	208	209	417	#
348	747.504	176	177	178	192	193	208	209	417	#
349	358.793	189	190	191	205	206	418	#
350	427.569	157	173	189	190	205	418	#
351	429.611	130	146	162	178	179	194	419	#
352	559.667	160	161	162	163	178	194	419	#
353	918.22	54	70	71	86	87	102	103	104	120	129	144	208	420	#
354	1041.41	36	37	38	52	53	54	67	68	69	70	71	87	420	#
355	216.424	114	130	248	249	250	251	421	#
356	293.678	221	236	237	238	251	252	421	#
357	555.568	83	99	115	116	130	131	133	146	422	#
358	721.331	22	38	53	66	67	68	83	99	422	#
359	311.658	106	107	123	423	#
360	308.803	107	123	138	423	#
361	889.083	2	16	18	32	33	34	48	49	50	51	64	65	67	80	424	#
362	1091.09	16	17	32	33	34	48	49	64	70	80	86	87	101	103	424	#
363	35.1826	145	#
364	1318.35	0	16	18	20	33	34	35	49	50	56	66	67	81	82	84	99	100	117	425	#
365	1605.3	66	67	69	81	82	83	84	85	98	99	100	114	115	116	117	132	147	149	425	#
366	1808.55	26	41	42	55	56	59	60	71	72	73	74	75	88	89	91	104	105	106	174	189	190	206	426	#
367	2186.12	60	74	76	89	90	91	92	93	105	106	108	109	150	166	182	183	198	199	200	214	215	229	426	#
368	2161.02	13	14	26	27	28	29	42	43	44	60	61	75	76	91	106	108	122	123	124	137	138	139	140	141	155	156	427	#
369	2469.48	26	27	42	43	44	45	58	59	60	61	73	74	75	77	89	90	91	93	108	109	110	111	124	236	251	252	427	#
370	382.823	19	35	51	53	65	66	67	68	80	428	#
371	553.409	6	22	38	53	54	68	69	70	188	428	#
372	2255.56	61	74	75	76	77	78	79	91	92	93	94	95	107	108	109	110	111	126	127	142	143	158	159	174	429	#
373	2379	63	75	79	82	90	91	95	99	100	107	108	109	110	111	117	125	126	127	143	158	159	172	173	174	429	#
374	824.415	57	148	205	206	207	220	221	222	223	238	239	430	#
375	1048.27	205	206	207	221	222	223	237	238	252	253	254	430	#
376	873.879	15	30	132	148	149	150	164	180	196	431	#
377	869.075	133	134	148	149	164	180	194	195	230	431	#
378	868.713	197	212	213	214	216	228	229	230	231	232	233	245	246	247	248	432	#
379	1277.47	163	164	165	166	167	181	182	197	213	214	215	228	229	245	246	432	#
380	437.873	103	104	120	121	135	137	138	433	#
381	532.687	70	71	72	87	102	103	104	433	#
382	387.431	176	177	192	194	434	#
383	382.888	160	176	177	194	434	#
384	450.549	124	139	140	141	156	157	435	#
385	580.253	124	126	127	141	142	143	435	#
386	897.443	53	54	164	165	179	180	195	196	197	211	436	#
387	855.743	164	165	179	180	194	195	196	197	214	229	436	#
388	94.1101	53	#
389	480.479	106	107	123	124	139	437	#
390	504.902	93	108	123	124	139	437	#
391	801.017	112	128	144	145	160	161	162	176	177	192	193	438	#
392	960.305	66	80	82	96	98	99	112	113	114	128	130	438	#
393	1059.09	161	176	177	192	193	194	195	208	209	210	211	224	225	226	240	439	#
394	1276.24	7	177	178	194	208	209	210	211	226	227	229	244	245	246	247	439	#
395	105.015	35	#
396	428.569	32	48	49	64	65	80	440	#
397	502.291	16	18	33	49	65	80	440	#
398	3701.72	0	1	2	3	4	8	9	16	17	18	19	20	21	25	26	33	34	35	36	38	48	49	50	51	52	65	68	80	81	167	182	183	184	197	210	212	226	227	243	244	255	441	#
399	4378.91	1	2	3	4	5	14	17	18	19	20	21	22	23	30	33	34	35	37	38	39	46	47	50	51	52	62	63	148	163	164	165	181	182	232	236	237	249	250	251	252	253	441	#
400	2266	0	1	12	13	14	15	17	18	30	31	45	46	47	59	60	61	62	63	75	76	77	79	92	93	94	442	#
401	2716.84	14	15	30	31	45	46	47	61	62	63	120	136	142	159	206	221	222	236	237	250	251	252	253	254	255	442	#
402	307.19	151	152	153	154	169	211	226	443	#
403	441.187	136	139	152	153	154	169	170	443	#
404	401.91	5	22	38	176	177	193	444	#
405	486.082	128	129	144	160	161	176	444	#
406	564.912	81	131	208	209	224	225	226	240	241	445	#
407	837.331	176	192	193	208	209	225	226	227	241	445	#
408	1111.65	91	93	94	108	109	110	111	124	125	176	192	193	204	446	#
409	1384.24	68	83	84	146	160	161	162	176	177	192	193	208	224	446	#
410	628.92	58	73	88	89	104	105	106	121	122	138	447	#
411	901.097	88	104	105	120	121	137	154	209	210	226	447	#
412	235.428	179	180	448	#
413	112.319	180	181	448	#
414	682.656	61	76	77	78	91	92	93	94	161	178	449	#
415	951.076	77	78	84	85	93	94	101	102	194	210	449	#
416	111.697	136	#
417	1087.37	104	120	193	194	195	208	209	210	211	224	226	227	450	#
418	1091.41	167	170	171	179	184	185	186	195	200	201	202	219	450	#
419	141.879	152	168	#
420	366.261	198	214	215	229	245	451	#
421	537.435	198	200	201	215	216	451	#
422	940.442	94	181	197	212	213	214	228	229	230	231	232	233	234	246	247	248	249	452	#
423	1397.51	32	33	34	35	48	49	50	51	64	181	196	197	212	213	228	229	244	452	#
424	611.846	48	49	65	115	191	206	207	221	223	237	238	239	453	#
425	909.347	16	190	191	206	207	220	221	223	224	238	239	255	453	#
426	133.786	243	244	#
427	402.006	21	37	43	44	58	59	454	#
428	577.302	5	7	8	21	22	37	454	#
429	147.135	233	249	455	#
430	127.966	217	233	455	#
431	66.2853	204	#
432	2326.49	7	8	9	11	23	24	25	26	41	42	43	54	55	56	57	58	59	70	72	73	74	75	88	89	105	106	456	#
433	2560.51	21	36	37	38	53	54	68	69	70	83	84	85	86	87	98	101	102	103	119	133	134	135	150	235	251	252	456	#
434	116.761	140	141	#
435	545.377	116	132	134	147	148	149	457	#
436	582.658	100	101	116	132	134	149	457	#
437	246.732	77	78	93	94	458	#
438	298.718	76	77	78	94	458	#
439	453.34	111	126	127	143	459	#
440	438.954	126	142	143	159	459	#
441	858.228	7	21	22	37	38	39	53	54	55	460	#
442	955.451	5	7	8	22	24	38	39	53	54	460	#
443	209.249	65	80	96	203	461	#
444	302.787	65	66	80	81	461	#
445	1440.56	165	166	167	180	181	182	196	197	198	199	213	214	215	231	247	248	462	#
446	1623.11	132	134	135	149	150	166	167	181	182	183	184	196	198	199	214	215	462	#
447	506.96	128	155	170	171	186	187	201	463	#
448	563.23	183	185	186	200	201	202	203	463	#
449	699.402	151	164	165	166	167	168	179	180	181	182	198	464	#
450	988.409	148	149	150	151	152	163	164	165	179	180	182	464	#
451	4343.03	3	89	103	104	105	119	120	121	133	134	135	136	137	140	151	154	155	156	165	170	181	182	185	186	187	196	197	198	199	203	204	205	211	212	213	214	215	225	228	229	230	231	244	245	246	247	465	#
452	5127.75	46	47	63	78	79	82	94	95	97	98	99	100	103	110	112	113	114	115	119	120	121	122	128	129	130	131	132	133	134	136	137	138	139	144	146	148	149	154	155	156	162	164	165	166	217	234	465	#
453	1545.39	35	36	37	38	51	52	53	54	55	68	84	85	238	254	255	466	#
454	1625.14	17	18	36	37	53	67	68	83	84	100	160	176	177	178	194	466	#
455	1507.46	0	1	2	4	5	16	17	18	19	20	21	33	37	195	209	211	225	226	227	240	241	242	243	467	#
456	2119.19	37	38	53	125	140	141	142	156	157	158	160	175	176	177	191	192	193	198	208	209	210	211	226	467	#
457	1399.3	8	9	25	38	40	41	53	54	55	56	57	70	71	72	73	74	87	88	89	104	120	468	#
458	1955.41	5	20	21	22	23	34	35	36	37	38	49	50	51	52	53	66	68	69	84	85	142	468	#
459	70.9767	3	19	469	#
460	68.1619	4	19	469	#
461	370.185	171	172	187	240	241	470	#
462	360.024	157	172	173	188	204	470	#
463	2555.09	177	178	179	180	181	182	194	195	196	197	198	199	211	212	213	214	227	230	231	232	240	241	242	243	244	245	246	248	471	#
464	2777.56	18	22	25	38	39	40	41	53	55	56	68	69	70	72	85	86	135	179	180	181	195	196	210	211	212	227	242	243	471	#
465	83.1696	69	#
466	2404.21	7	9	11	12	13	23	24	25	26	27	28	29	38	39	40	41	42	43	44	54	55	58	59	60	61	70	71	72	75	91	472	#
467	3021.97	7	22	27	37	38	39	40	42	43	53	54	55	58	59	70	71	72	73	74	75	85	86	87	88	89	90	103	104	106	120	472	#
468	965.844	65	80	81	96	112	113	128	129	144	145	146	161	162	178	473	#
469	1255.59	116	131	132	133	134	144	145	146	147	148	149	162	164	178	473	#
470	364.542	134	149	150	474	#
471	251.897	135	149	150	474	#
472	323.357	13	28	43	59	475	#
473	361.406	13	14	28	43	475	#
474	280.835	165	181	182	476	#
475	310.484	4	181	182	476	#
476	82.8139	14	15	477	#
477	3.09155	15	30	477	#
478	1249.69	10	11	12	13	14	15	27	28	29	30	31	44	45	58	60	61	74	75	89	478	#
479	1728.87	15	31	58	74	100	104	120	121	123	137	138	139	154	155	156	157	206	207	223	478	#
480	931.957	163	164	165	180	181	182	196	198	212	227	228	243	479	#
481	1224.03	161	162	163	178	179	193	194	209	210	211	227	243	479	#
482	3197.69	4	5	6	7	8	10	11	17	20	21	22	23	24	25	35	36	37	38	39	51	52	53	54	55	68	69	70	71	78	85	86	87	480	#
483	3429.09	4	5	6	7	8	10	11	12	13	22	23	24	25	26	27	28	36	37	38	39	41	53	54	55	69	70	71	85	86	87	112	151	480	#
484	310.58	102	117	167	184	481	#
485	366.411	102	117	118	133	481	#
486	255.716	28	182	198	482	#
487	297.479	180	181	182	482	#
488	159.399	83	99	115	483	#
489	201.847	100	115	130	483	#
490	698.328	183	200	213	227	228	229	243	245	484	#
491	591.054	12	183	198	200	201	202	215	216	484	#
492	140.088	64	91	485	#
493	189.951	64	80	485	#
494	97.6084	220	#
495	131.142	231	246	486	#
496	156.34	229	246	486	#
497	1429.31	166	167	183	185	186	187	199	200	201	202	203	215	217	218	219	232	233	487	#
498	1645.37	86	100	102	116	117	132	148	149	150	164	165	166	167	183	199	200	215	487	#
499	85.7081	251	#
500	520.551	3	4	19	35	36	73	74	89	488	#
501	772.284	72	73	74	88	89	104	105	122	488	#
502	965.64	11	12	13	14	15	29	30	44	45	58	59	60	61	76	489	#
503	1242.35	2	44	45	58	59	60	61	76	158	173	174	175	191	204	489	#
504	208.943	193	209	211	226	490	#
505	294.272	160	176	192	193	490	#
506	82.6031	240	#
507	303.005	218	234	250	491	#
508	310.661	234	250	251	491	#
509	512.487	104	105	121	122	123	139	155	492	#
510	570.435	122	123	124	138	140	141	142	492	#
511	312.394	127	142	143	493	#
512	307.623	142	143	159	493	#
513	738.628	124	140	141	142	158	159	173	175	191	494	#
514	730.919	109	124	125	126	127	141	142	143	159	494	#
515	506.541	208	209	210	224	225	495	#
516	522.959	78	94	208	224	225	495	#
517	551.434	87	101	102	103	119	134	496	#
518	563.114	117	133	134	135	149	150	496	#
519	881.308	95	111	126	127	141	142	143	158	159	173	174	497	#
520	869.84	9	10	11	12	25	26	27	41	158	159	174	497	#
521	884.991	96	202	213	214	215	216	217	218	219	220	230	231	232	233	234	235	247	498	#
522	1303.97	176	177	192	193	194	200	208	209	210	216	217	224	225	226	232	240	242	498	#
523	1177.24	85	100	101	115	116	119	132	133	134	148	149	164	165	499	#
524	1302.91	115	116	132	133	134	147	148	149	150	151	164	180	216	499	#
525	52.8904	185	#
526	827.242	135	151	167	168	182	183	184	197	198	199	200	212	500	#
527	1136.9	174	190	196	197	211	212	213	214	226	227	229	230	500	#
528	1132.16	125	127	141	142	143	158	174	184	185	189	190	191	501	#
529	1112.58	124	125	126	127	139	140	141	143	155	156	158	174	501	#
530	781.061	110	111	125	126	142	143	202	203	204	219	235	502	#
531	1095.2	78	79	93	94	95	110	111	126	127	143	159	502	#
532	73.6037	99	#
533	79.1321	211	#
534	463.459	221	222	237	253	254	255	503	#
535	485.774	207	222	223	239	254	255	503	#
536	294.349	110	124	125	140	504	#
537	328.119	93	109	110	111	504	#
538	671.232	66	82	86	87	99	100	101	102	141	157	173	505	#
539	968.771	84	85	99	100	101	102	103	116	117	119	120	505	#
540	1008.73	133	134	149	150	165	166	182	198	214	230	506	#
541	1056.46	116	133	134	148	149	150	164	165	166	180	506	#
542	310.429	123	137	138	139	154	507	#
543	371.544	136	137	138	152	153	507	#
544	1003.63	99	113	114	115	128	129	130	144	145	146	160	161	162	176	508	#
545	1217.31	34	51	98	113	128	129	144	145	148	160	161	162	163	164	508	#
546	1489.34	35	40	49	50	51	52	54	55	56	59	67	68	70	71	72	73	74	88	89	104	106	509	#
547	1774.1	71	72	73	78	88	89	90	92	93	94	104	108	109	110	111	121	124	126	127	142	143	509	#
548	676.812	82	96	97	98	113	114	115	116	510	#
549	774.667	26	43	44	96	112	113	128	144	510	#
550	1172.51	29	30	31	45	46	47	60	61	62	63	75	76	77	78	79	94	95	111	511	#
551	1512.86	14	29	30	45	46	61	63	75	76	77	78	79	92	93	94	95	109	125	511	#
552	634.671	90	104	105	106	120	161	177	512	#
553	736.615	23	25	39	40	74	89	90	512	#
554	1219.79	171	172	173	186	187	200	201	202	203	217	218	219	220	234	235	249	250	513	#
555	1553.84	84	85	139	156	158	169	170	171	172	173	174	186	189	190	191	201	206	513	#
556	152.918	24	25	514	#
557	173.415	25	40	514	#
558	813.58	178	181	194	195	196	197	211	227	515	#
559	788.856	196	197	211	213	214	227	229	230	515	#
560	3777.96	5	6	7	8	22	23	24	123	139	181	182	183	184	195	196	197	198	199	200	209	210	211	212	213	214	215	216	225	226	227	228	229	230	231	241	242	243	244	245	516	#
561	4122.44	35	36	37	51	52	53	67	68	83	84	100	163	164	179	180	182	183	195	196	197	198	200	201	202	210	211	212	213	214	215	226	227	228	229	230	231	232	244	245	516	#
562	141.469	189	#
563	1888.87	180	181	192	195	196	203	208	209	210	211	212	213	225	226	227	228	229	230	241	242	243	244	245	246	517	#
564	2251.11	67	68	74	90	91	92	93	108	109	124	139	180	181	182	183	195	196	197	199	211	212	213	226	227	517	#
565	1257	16	33	34	35	40	52	56	57	59	71	72	73	74	88	103	518	#
566	1353.82	59	60	73	74	75	76	77	91	92	105	106	107	108	109	122	518	#
567	64.2173	73	#
568	128.31	178	179	195	519	#
569	172.954	163	164	179	519	#
570	1189.1	10	11	12	25	26	28	29	30	40	41	42	43	44	45	59	60	61	187	520	#
571	1704.63	8	9	10	11	25	26	34	42	43	50	51	67	83	100	101	102	116	117	520	#
572	396.844	119	135	136	137	150	521	#
573	481.269	132	133	134	150	151	521	#
574	1667.39	27	92	108	109	110	111	122	123	124	125	126	127	138	139	140	142	143	157	159	181	197	522	#
575	2029.09	4	92	107	108	124	125	126	127	128	129	139	140	141	142	143	144	145	157	158	159	162	522	#
576	49.3985	223	#
577	2356.61	7	10	11	23	24	26	27	38	39	40	41	42	43	56	57	58	59	60	61	73	74	89	91	104	105	106	122	176	192	208	209	523	#
578	3077.16	54	80	81	85	86	96	97	98	99	100	101	113	114	115	117	129	144	160	161	176	177	178	179	192	193	208	209	224	225	240	242	523	#
579	92.0512	11	12	#
580	115.003	140	156	157	173	524	#
581	167.999	16	141	156	157	524	#
582	812.616	112	129	130	144	145	146	160	161	176	525	#
583	923.399	145	160	161	162	176	178	192	193	208	525	#
584	446.85	6	7	20	21	22	526	#
585	417.987	20	21	22	36	38	526	#
586	60.1415	178	#
587	1041.23	198	200	201	202	213	214	215	228	229	230	231	245	246	527	#
588	1189.77	202	203	204	219	220	233	234	235	237	248	249	250	251	527	#
589	401.222	4	5	6	21	22	36	37	528	#
590	550.28	3	4	5	18	19	22	35	528	#
591	2514.54	1	2	3	4	5	6	7	8	16	17	18	19	20	21	22	32	33	34	35	36	37	38	49	51	52	53	80	81	96	240	529	#
592	3186.78	4	5	6	7	21	22	23	24	25	36	37	38	39	40	52	53	55	56	72	131	132	148	149	165	183	221	222	223	238	239	529	#
593	313.218	40	206	207	222	530	#
594	392.544	222	237	238	239	530	#
595	273.139	92	93	110	121	125	531	#
596	382.668	79	93	94	95	111	531	#
597	614.888	180	194	195	196	209	210	211	226	238	239	242	532	#
598	919.58	177	192	193	194	209	210	226	235	237	251	252	532	#
599	172.501	220	221	533	#
600	69.0009	205	221	533	#
601	2452.91	74	89	90	96	105	106	112	113	114	115	129	130	199	200	208	213	214	215	224	229	230	231	244	245	246	247	534	#
602	2474.19	151	167	168	182	183	184	186	197	199	200	201	213	215	216	217	218	229	230	231	232	235	236	244	245	246	247	534	#
603	1640.16	89	119	133	134	198	214	215	216	217	219	230	231	232	233	234	235	246	247	535	#
604	1822	201	202	203	204	213	214	215	216	217	218	219	233	234	235	236	248	249	250	535	#
605	524.949	30	31	46	47	62	63	79	95	536	#
606	628.484	45	46	47	62	63	79	95	111	536	#
607	25.8283	91	92	#
608	477.112	16	32	33	34	49	64	65	537	#
609	652.594	34	49	50	51	67	162	178	537	#
610	465.533	37	38	53	54	538	#
611	396.588	36	37	52	53	538	#
612	279.377	94	102	110	125	539	#
613	270.543	77	78	94	110	539	#
614	283.403	56	150	151	152	167	540	#
615	379.104	150	166	167	168	184	540	#
616	2465.85	47	62	63	78	79	95	139	155	156	168	169	170	171	172	183	184	185	186	187	188	199	200	202	203	215	216	217	232	541	#
617	2820.17	35	36	37	38	39	47	52	53	54	55	56	62	63	69	71	72	73	79	95	110	111	119	120	125	126	135	136	137	541	#
618	387.491	3	4	18	19	20	32	33	542	#
619	523.197	4	11	26	27	43	225	241	542	#
620	534.632	115	130	131	146	147	162	163	178	543	#
621	745.109	131	146	150	162	163	166	177	178	543	#
622	287.114	63	79	95	544	#
623	312.914	79	95	111	544	#
624	181.505	197	212	213	228	229	545	#
625	252.258	214	227	228	229	244	545	#
626	412.197	0	16	32	49	65	81	97	546	#
627	576.844	48	65	80	81	82	97	98	546	#
628	554.11	136	137	153	154	155	169	170	185	186	547	#
629	757.718	139	140	154	155	156	157	170	171	172	547	#
630	1333.54	192	193	197	208	209	210	212	213	224	225	226	227	228	229	241	242	243	244	548	#
631	1590.35	144	148	160	161	164	165	176	177	178	179	180	181	192	193	194	195	208	209	548	#
632	3888.64	45	58	61	62	73	74	75	76	77	78	79	88	89	90	91	92	93	102	103	106	107	108	109	121	122	123	124	125	131	139	140	141	155	156	206	221	222	238	549	#
633	4273.44	1	7	47	61	62	63	71	77	78	79	87	91	92	93	94	95	107	108	109	110	122	123	124	125	126	139	186	202	203	218	219	220	234	235	236	237	250	251	549	#
634	297.792	64	65	80	81	96	97	98	99	550	#
635	403.499	48	50	64	65	66	80	81	96	550	#
636	183.78	62	79	95	111	551	#
637	117.525	95	111	225	241	551	#
638	1155.68	13	14	15	28	29	30	31	44	45	46	47	61	62	77	78	552	#
639	1494.88	13	14	15	29	30	44	46	47	62	63	78	79	178	179	194	552	#
640	507.584	54	55	69	70	71	87	553	#
641	560.729	40	54	55	56	71	87	553	#
642	87.9908	223	239	#
643	140.525	236	252	554	#
644	160.946	237	252	554	#
645	313.646	239	254	255	555	#
646	337.742	182	254	255	555	#
647	577.759	201	202	218	233	234	235	251	556	#
648	622.816	166	167	183	186	200	201	202	556	#
649	129.877	110	111	557	#
650	97.766	110	126	557	#
651	121.998	11	12	13	558	#
652	21.5127	10	11	12	558	#
653	471.223	23	37	38	39	54	559	#
654	501.683	39	40	54	55	71	559	#
655	1035.18	91	108	136	196	208	209	210	211	224	225	226	240	241	242	560	#
656	1400.22	24	110	111	125	127	143	194	195	196	197	209	210	211	213	560	#
657	1323.36	5	7	19	20	21	22	35	36	37	38	39	40	53	55	71	561	#
658	1451.63	4	5	7	8	10	21	22	25	26	27	38	42	43	201	217	561	#
659	702.819	91	92	93	94	108	109	110	111	125	127	562	#
660	907.327	61	77	78	94	108	109	110	111	125	127	562	#
661	668.147	99	114	115	128	129	130	144	145	146	161	162	163	563	#
662	926.689	114	115	116	128	129	130	131	132	133	146	147	234	563	#
663	1569.44	6	22	30	31	46	47	63	79	101	117	119	131	132	133	134	148	149	564	#
664	1746.95	92	103	107	108	117	119	120	123	131	132	133	134	147	148	149	150	164	564	#
665	492.56	57	231	232	233	234	247	248	249	250	565	#
666	701.968	201	202	216	217	218	233	247	248	249	565	#
667	1763.62	112	129	145	146	147	160	161	162	176	177	178	179	192	194	195	235	236	251	252	253	566	#
668	2033.45	55	56	58	70	71	72	73	74	148	149	160	164	165	176	177	182	192	198	200	215	566	#
669	877.753	59	75	82	97	98	99	100	113	114	115	116	117	129	130	567	#
670	1141.09	96	97	113	114	115	128	129	130	131	145	146	147	162	201	567	#
671	44.5472	102	#
672	127.799	232	233	568	#
673	152.562	231	232	568	#
674	81.701	2	19	#
675	797.321	129	132	133	146	147	162	163	164	180	569	#
676	801.919	131	132	146	147	148	160	161	162	164	569	#
677	965.002	197	209	210	211	212	214	224	225	226	227	228	230	240	241	242	243	244	570	#
678	1381.78	108	124	139	154	155	171	172	173	188	197	198	199	213	214	229	230	246	570	#
679	138.379	9	#
680	1601.46	34	35	48	49	50	51	67	68	69	82	83	84	85	97	98	99	100	101	114	115	117	571	#
681	1943.04	66	67	82	83	84	85	97	98	99	100	101	115	116	117	118	131	132	147	148	164	180	571	#
682	386.369	97	98	112	113	114	572	#
683	500.977	112	113	129	144	160	572	#
684	133.296	206	222	573	#
685	189.902	207	222	573	#
686	567.164	205	218	221	222	235	237	253	574	#
687	683.68	205	206	220	221	222	237	252	574	#
688	3184.77	60	116	132	149	150	151	152	163	164	167	168	169	180	181	184	185	188	189	190	196	197	198	199	204	205	206	214	220	221	222	229	246	575	#
689	3367.93	97	100	113	116	117	118	128	129	131	132	133	145	146	147	149	150	151	161	162	163	164	177	178	192	194	208	220	221	237	251	252	253	575	#
690	303.097	171	186	201	202	217	576	#
691	411.397	200	201	217	218	234	576	#
692	261.389	100	101	116	117	577	#
693	361.546	100	115	116	117	577	#
694	1505.5	48	180	195	196	197	198	199	200	211	212	214	215	226	227	228	229	231	244	245	246	578	#
695	1922.73	10	11	26	27	132	147	148	149	163	164	165	173	174	190	196	211	212	226	227	228	578	#
696	2588.64	0	1	2	3	12	14	15	16	28	30	31	32	33	43	44	45	46	47	58	59	60	61	62	74	75	76	77	92	93	108	579	#
697	3090.1	15	30	31	44	45	46	47	61	63	77	79	93	95	110	111	126	127	137	138	152	153	154	167	168	169	170	184	185	186	235	579	#
698	370.481	11	27	43	59	74	580	#
699	410.224	73	74	75	88	89	580	#
700	822.616	60	61	73	74	75	76	91	92	106	108	109	121	122	581	#
701	1024.96	53	54	81	105	106	120	122	123	137	138	139	152	154	581	#
702	472.871	35	49	50	51	66	67	83	176	193	582	#
703	682.739	64	65	66	81	82	83	98	99	100	582	#
704	628.547	129	131	145	146	147	148	162	583	#
705	646.053	131	145	147	162	163	178	179	583	#
706	1712.8	188	189	190	191	201	202	205	207	218	219	220	221	222	223	234	236	237	238	239	252	253	254	255	584	#
707	2116.95	12	13	14	29	30	37	38	43	44	155	171	172	173	187	188	189	190	205	206	207	221	222	238	584	#
708	588.091	185	201	217	218	235	236	250	251	585	#
709	609.082	169	184	185	186	200	201	215	218	585	#
710	731.806	11	25	26	30	41	42	56	57	217	240	586	#
711	912.134	200	215	216	217	231	233	234	235	249	250	586	#
712	2486.35	8	9	11	12	14	25	26	28	29	39	40	41	42	43	44	55	56	57	58	59	70	85	86	87	174	190	191	206	587	#
713	2915	8	11	12	21	24	25	26	27	37	38	40	41	43	44	54	55	56	57	59	69	70	72	73	74	128	129	144	252	587	#
714	391.325	229	230	245	246	588	#
715	367.649	214	229	244	245	588	#
716	906.892	131	132	133	135	149	150	151	190	206	207	223	239	589	#
717	1240.16	103	119	132	134	135	136	137	148	149	150	165	166	589	#
718	857.071	165	177	178	179	180	195	210	211	212	228	244	590	#
719	920.155	180	191	195	197	206	209	210	211	212	222	226	590	#
720	2662.3	11	12	13	14	15	27	28	29	30	31	44	45	58	59	60	61	62	63	75	76	77	78	79	93	94	95	100	101	102	591	#
721	2938.16	40	41	45	54	55	56	60	61	62	63	70	71	72	75	76	77	78	79	87	93	94	95	108	110	111	126	231	232	247	591	#
722	750.044	83	98	99	114	127	142	143	159	175	592	#
723	919.723	92	93	94	110	111	127	143	159	175	592	#
724	1335.74	10	11	12	26	27	28	41	43	85	86	102	117	118	119	218	235	236	251	252	253	593	#
725	1838.83	149	164	165	182	183	199	200	204	214	219	220	221	222	223	235	236	237	251	252	253	593	#
726	191.708	235	236	237	594	#
727	207.414	204	220	236	594	#
728	987.134	169	171	186	200	201	202	203	215	216	218	232	595	#
729	945.087	185	186	201	202	203	204	218	219	220	235	237	595	#
730	1880.12	22	38	54	124	136	137	138	139	152	153	154	169	170	171	173	185	186	187	188	201	202	205	219	596	#
731	2336.45	4	5	6	7	8	9	10	19	20	21	22	23	24	25	35	36	37	40	53	78	103	120	135	596	#
732	480.571	160	161	162	177	178	179	597	#
733	631.182	98	113	128	129	144	160	597	#
734	4085.84	71	90	99	100	106	116	117	118	119	131	132	133	134	144	145	148	149	150	151	160	161	162	163	164	165	166	167	176	177	178	181	182	183	192	196	197	198	199	214	598	#
735	4179.92	51	67	68	71	83	84	85	130	131	144	145	146	149	160	161	162	163	164	165	166	176	177	178	181	182	183	192	193	194	196	208	209	210	224	225	226	227	242	243	598	#
736	1389.16	14	28	29	42	43	44	45	59	60	61	62	77	78	103	119	142	153	169	186	599	#
737	1762.86	62	74	76	77	78	90	91	92	93	94	106	107	109	110	123	126	142	151	167	599	#
738	409.577	47	61	62	63	79	95	600	#
739	479.835	77	93	94	95	109	111	600	#
740	376.098	16	32	48	65	66	80	601	#
741	423.363	3	80	81	82	98	99	601	#
742	213.788	185	186	201	602	#
743	174.455	200	201	217	602	#
744	1879.03	87	132	148	149	163	164	165	167	179	180	181	182	183	197	198	199	200	204	214	216	603	#
745	1854.79	28	43	83	84	91	107	123	124	132	148	149	164	165	174	175	179	180	181	182	191	603	#
746	930.992	52	53	67	68	69	83	84	85	100	117	118	604	#
747	1080.11	84	85	100	115	116	117	132	133	181	227	228	604	#
748	1914.69	91	107	167	169	171	172	184	185	186	187	188	199	200	201	202	203	215	216	217	218	219	231	235	236	251	252	253	605	#
749	2590.51	44	60	155	156	157	165	167	171	181	182	183	184	185	186	188	199	200	213	214	215	216	227	230	232	239	254	255	605	#
750	146.671	152	153	168	606	#
751	180.286	152	167	168	606	#
752	197.493	32	48	49	607	#
753	181.091	16	32	48	607	#
754	672.077	129	145	161	177	178	193	194	210	608	#
755	671.359	23	24	25	40	177	193	194	210	608	#
756	554.135	204	218	219	220	236	251	252	609	#
757	734.817	218	234	250	251	252	253	254	609	#
758	145.638	231	232	610	#
759	190.431	215	231	610	#
760	425.079	236	237	250	251	252	611	#
761	530.956	116	132	148	229	252	611	#
762	177.424	148	164	612	#
763	247.95	132	148	612	#
764	1633.05	0	1	2	3	16	17	18	33	34	35	49	50	51	52	65	66	67	68	613	#
765	1912.23	1	2	17	18	33	34	35	49	50	51	65	67	68	69	83	84	163	227	613	#
766	2569.61	33	34	37	50	51	52	53	66	67	68	69	70	80	81	83	84	85	96	97	98	99	100	101	112	113	114	129	144	614	#
767	2722.7	2	17	18	33	49	66	67	79	80	81	82	83	84	96	97	98	99	100	101	112	113	129	144	145	160	176	177	193	614	#
768	528.363	134	149	150	165	182	615	#
769	532.892	149	164	165	166	182	615	#
770	1530.49	97	113	131	147	163	178	179	201	202	218	219	235	236	237	251	252	253	254	616	#
771	1779.47	64	145	148	149	150	161	162	163	164	176	177	178	179	195	196	211	212	227	616	#
772	1105.83	191	203	207	219	220	221	222	223	236	237	238	239	253	254	617	#
773	1388.72	28	43	220	222	234	236	237	238	250	251	252	253	254	255	617	#
774	213.03	83	99	114	618	#
775	239.362	66	82	99	618	#
776	754.507	183	197	198	199	200	212	213	227	243	619	#
777	846.037	186	198	199	200	201	215	216	217	234	619	#
778	324.693	120	121	137	620	#
779	268.179	120	121	138	620	#
780	596.166	18	119	133	134	149	150	163	164	621	#
781	656.447	131	147	150	167	183	200	201	217	621	#
782	473.88	10	11	12	13	14	26	622	#
783	469.688	11	12	13	14	26	30	622	#
784	115.381	220	237	623	#
785	150.709	221	237	623	#
786	625.59	221	237	251	252	253	254	624	#
787	589.925	100	221	237	238	252	254	624	#
788	248.377	179	180	181	195	211	625	#
789	372.359	165	166	180	182	198	625	#
790	839.826	188	202	204	205	219	220	221	235	236	249	250	626	#
791	1033.01	158	173	174	188	190	204	205	206	207	222	223	626	#
792	92.8676	44	#
793	302.982	101	102	117	133	627	#
794	422.919	83	84	85	101	627	#
795	499.07	120	135	136	150	151	152	628	#
796	489.174	120	135	136	150	151	239	628	#
797	877.129	23	112	128	129	130	144	145	146	147	161	177	178	629	#
798	1084.48	112	128	129	144	145	146	160	161	177	178	194	210	629	#
799	572.092	125	126	127	141	142	155	170	630	#
800	799.777	93	109	110	111	125	126	127	630	#
801	3206.91	13	28	29	30	43	44	45	54	55	59	70	71	73	74	75	80	81	87	88	91	96	97	98	99	103	114	115	120	217	233	235	236	249	250	252	631	#
802	3756.8	39	54	55	68	69	70	71	84	85	86	87	88	100	101	102	103	115	116	117	118	119	129	144	145	149	160	161	162	163	164	176	178	179	194	195	631	#
803	185.041	23	25	40	41	632	#
804	268.528	23	39	40	41	632	#
805	2948.86	27	28	93	109	123	124	139	140	141	150	154	156	157	158	164	165	166	167	172	173	174	175	179	180	181	182	183	184	190	198	206	633	#
806	3389.84	7	8	9	25	26	27	40	89	93	99	104	105	107	109	120	121	123	124	125	126	137	138	139	140	141	142	143	157	158	159	173	633	#
807	1015.07	48	49	50	64	65	66	67	80	81	82	96	98	112	113	634	#
808	1398.08	66	67	74	75	76	77	82	90	91	93	98	107	109	123	634	#
809	444.125	9	25	204	219	220	236	635	#
810	632.15	9	24	25	39	40	55	635	#
811	445.56	87	88	89	103	104	121	636	#
812	538.752	71	87	88	103	104	121	636	#
813	641.938	187	188	190	191	204	205	206	207	222	637	#
814	831.665	165	181	190	191	206	207	221	222	223	637	#
815	777.11	104	121	122	123	128	138	139	154	155	156	638	#
816	940.807	96	98	104	105	106	112	113	120	121	122	638	#
817	1142.85	60	75	76	77	90	91	93	106	108	109	124	125	180	639	#
818	1230.64	43	59	73	74	75	89	91	92	106	108	122	123	124	639	#
819	1167.54	41	55	56	72	88	89	102	103	104	105	119	120	134	135	137	150	151	167	640	#
820	1550.47	9	10	11	12	13	25	26	41	42	43	44	56	57	58	71	72	83	134	640	#
821	524.122	141	158	159	175	191	207	641	#
822	519.663	142	143	158	159	175	191	641	#
823	157.324	155	156	642	#
824	184.957	139	155	642	#
825	576.744	50	57	65	66	82	99	115	116	643	#
826	607.826	100	101	115	116	129	130	132	146	643	#
827	153.296	30	45	644	#
828	195.174	29	45	644	#
829	1034.65	124	139	140	141	155	156	157	158	170	172	252	253	645	#
830	1191.1	123	138	139	155	170	171	172	173	185	186	189	201	645	#
831	77.4145	225	242	#
832	456.513	142	143	158	159	174	646	#
833	538.426	142	143	159	214	215	646	#
834	417.173	101	102	117	118	119	134	647	#
835	418.772	115	116	117	118	119	133	647	#
836	426.671	210	211	227	228	229	243	244	648	#
837	467.157	214	227	228	229	243	244	246	648	#
838	2207.08	19	42	57	58	59	60	72	73	74	75	88	89	90	104	105	106	107	119	120	121	122	123	125	135	136	137	649	#
839	2540.88	103	104	105	119	120	121	132	133	134	135	136	137	149	150	151	152	153	154	155	156	166	167	169	170	183	184	649	#
840	444.145	172	173	174	188	190	205	650	#
841	578.779	5	7	21	22	37	172	650	#
842	1667.09	13	14	15	28	29	30	31	44	45	46	47	59	60	61	62	63	71	75	77	79	95	111	651	#
843	2001.08	77	94	95	104	105	107	109	110	111	120	123	124	125	126	127	139	140	141	143	155	156	157	651	#
844	51.8506	242	243	652	#
845	44.4388	243	244	652	#
846	167.269	240	241	242	653	#
847	83.8109	224	225	242	653	#
848	1551.02	131	132	133	149	161	162	165	166	167	182	183	184	198	199	243	244	245	654	#
849	1696.58	165	166	180	181	182	183	184	194	195	196	198	199	200	210	215	216	231	654	#
850	300.197	193	209	210	211	226	655	#
851	346.314	176	192	193	209	210	655	#
852	546.482	216	217	229	230	231	232	244	246	247	248	656	#
853	736.349	137	138	139	154	212	227	228	229	242	244	656	#
854	261.436	128	129	144	657	#
855	310.425	13	112	129	657	#
856	234.652	225	226	240	241	242	658	#
857	334.806	129	197	212	226	227	658	#
858	203.963	189	205	659	#
859	195.038	173	189	659	#
860	545.427	5	6	7	20	21	22	23	37	660	#
861	747.295	6	7	8	9	22	23	37	38	660	#
862	1530.99	40	42	54	55	56	57	58	71	73	74	88	145	161	162	163	178	235	250	661	#
863	1746.92	91	106	200	201	215	216	217	232	233	234	235	236	237	238	249	250	251	254	661	#
864	439.576	100	101	102	115	116	117	133	662	#
865	564.046	100	102	116	117	118	119	120	662	#
866	1161.36	35	36	51	52	144	160	161	176	177	193	209	210	226	663	#
867	1380.77	96	113	128	129	144	160	176	177	192	193	209	211	226	663	#
868	944.721	144	160	161	162	176	177	178	192	194	664	#
869	875.87	146	147	148	149	162	163	164	165	166	664	#
870	136.187	206	222	665	#
871	191.014	221	222	665	#
872	528.789	34	35	49	50	51	65	666	#
873	524.671	34	49	50	51	66	201	666	#
874	173.775	130	131	146	667	#
875	208.84	129	130	146	667	#
876	650.404	74	88	89	90	91	105	106	107	108	204	668	#
877	829.174	107	108	120	121	123	124	125	138	141	158	668	#
878	724.338	176	177	192	193	208	225	227	242	243	244	669	#
879	866.453	102	160	164	177	180	193	194	195	211	227	669	#
880	863.312	169	184	185	186	200	201	202	217	218	234	670	#
881	1009.16	184	185	200	201	217	218	234	235	249	250	670	#
882	1167.27	71	72	134	135	150	151	169	185	186	200	201	202	217	232	233	234	248	671	#
883	1671.05	132	134	135	136	148	149	150	151	165	166	167	168	182	217	233	234	250	671	#
884	919.261	126	142	157	158	159	173	175	188	189	248	249	250	672	#
885	1062.71	86	141	142	156	158	159	172	173	174	188	189	190	672	#
886	812.723	139	140	141	157	158	173	174	190	191	205	206	207	223	673	#
887	1203.88	140	141	155	156	158	171	172	173	174	186	187	188	203	673	#
888	179.858	170	186	187	674	#
889	237.413	185	186	201	674	#
890	3338.03	0	1	2	3	4	5	6	16	17	18	19	20	21	32	33	34	35	36	37	38	49	50	51	53	54	67	68	69	83	85	86	87	186	675	#
891	3418.76	4	17	18	19	20	33	34	35	36	38	39	40	48	49	50	51	53	66	67	68	69	70	71	72	82	83	85	88	97	99	100	113	114	675	#
892	1137.79	123	139	140	141	142	143	155	156	158	170	172	174	676	#
893	1251.21	111	125	126	127	141	142	143	158	173	174	175	188	676	#
894	1706.26	115	116	117	131	132	133	134	135	136	147	148	149	164	165	166	179	180	195	211	677	#
895	1984.6	13	28	44	112	115	116	129	132	146	147	148	149	150	162	164	165	166	182	198	677	#
896	370.468	235	250	251	252	678	#
897	421.445	250	251	252	253	678	#
898	1500.78	77	93	108	109	110	111	124	126	127	141	142	143	157	158	159	175	191	207	679	#
899	1703.85	79	93	95	109	110	111	123	124	125	126	127	141	142	143	158	159	174	175	679	#
900	237.686	83	201	218	680	#
901	282.395	201	218	219	680	#
902	130.273	49	50	681	#
903	121.589	34	50	681	#
904	831.193	69	70	83	85	86	99	100	101	116	117	123	133	138	682	#
905	1131.75	70	71	86	100	101	102	103	116	117	118	132	133	148	682	#
906	265.92	165	180	181	683	#
907	359.247	165	180	182	683	#
908	118.832	209	226	#
909	366.513	109	110	125	126	127	140	141	684	#
910	480.213	93	109	110	125	126	142	219	684	#
911	1326.73	34	50	131	132	133	146	147	149	163	164	165	179	180	181	685	#
912	1324.13	3	130	131	132	134	149	163	164	165	166	179	180	182	195	685	#
913	1383.63	15	19	32	34	35	36	49	50	52	53	68	69	84	207	223	239	255	686	#
914	1556.2	158	159	173	174	190	220	221	222	236	237	239	250	251	252	253	254	255	686	#
915	180.94	112	128	129	687	#
916	258.709	112	213	229	687	#
917	199.494	32	41	48	49	64	65	66	688	#
918	245.509	34	48	49	65	66	80	234	688	#
919	165.544	232	247	689	#
920	156.084	231	247	689	#
921	1120.16	5	6	21	22	23	24	25	38	39	40	41	55	56	72	690	#
922	1326.7	4	5	6	21	22	23	24	36	37	38	53	68	69	84	690	#
923	1741.94	60	76	77	92	93	94	95	108	109	124	125	138	139	140	141	154	155	156	157	158	691	#
924	2032.17	17	18	77	92	93	94	107	108	109	110	123	124	126	138	207	211	221	222	223	227	691	#
925	192.795	94	95	111	692	#
926	194.147	79	95	111	692	#
927	579.068	168	169	183	199	200	201	693	#
928	666.383	144	165	182	183	186	200	693	#
929	314.126	12	13	28	29	67	694	#
930	382.517	27	28	29	43	59	694	#
931	84.8169	214	#
932	246.699	145	161	177	695	#
933	191.727	131	145	146	695	#
934	289.171	156	157	173	696	#
935	289.696	123	124	157	696	#
936	834.806	50	67	68	69	83	84	100	115	697	#
937	844.962	68	83	84	85	100	101	115	117	697	#
938	348.243	134	135	150	698	#
939	276.667	119	135	150	698	#
940	631.508	145	160	161	162	177	193	194	195	196	699	#
941	728.172	144	160	161	162	176	177	192	193	208	699	#
942	16.5833	114	#
943	311.869	80	96	97	112	113	700	#
944	387.008	80	81	96	112	128	700	#
945	436.685	116	133	134	150	173	174	189	701	#
946	603.509	81	82	99	100	113	114	116	701	#
947	135.462	5	6	#
948	14.526	34	#
949	118.304	109	#
950	889.75	9	10	11	12	13	26	27	28	102	103	118	702	#
951	934.924	56	72	73	86	87	88	101	102	103	117	119	702	#
952	830.123	220	221	223	236	237	238	239	251	252	253	254	255	703	#
953	926.094	204	218	219	220	221	235	236	237	250	251	252	253	703	#
954	249.313	108	124	140	704	#
955	306.418	107	123	124	704	#
956	266.485	178	194	210	705	#
957	341.643	177	178	194	705	#
958	389.294	214	215	216	229	706	#
959	357.788	199	200	214	215	706	#
960	413.217	136	137	138	154	170	707	#
961	446.086	123	136	137	138	153	707	#
962	2851.23	170	171	172	186	187	188	189	190	201	202	205	208	217	219	220	221	224	233	234	235	236	237	238	239	249	250	251	252	253	254	708	#
963	3158.34	22	63	78	79	93	94	109	110	125	126	127	142	143	158	159	170	171	172	175	185	186	187	188	190	191	205	221	237	238	253	708	#
964	1397.35	18	32	33	34	36	48	49	50	51	52	66	67	68	69	70	83	84	121	709	#
965	1585.45	37	53	54	69	70	71	80	81	82	85	86	145	161	162	170	171	177	178	709	#
966	1055.81	10	11	12	14	26	27	28	29	30	31	42	43	44	45	710	#
967	1165.96	7	8	10	24	25	26	28	41	42	43	59	74	75	91	710	#
968	62.8835	70	71	#
969	233.237	251	252	711	#
970	255.684	235	251	711	#
971	169.884	234	235	249	250	712	#
972	209.511	5	217	233	249	712	#
973	824.995	12	13	14	15	29	30	31	45	46	47	62	63	713	#
974	1057.56	31	46	47	63	77	78	79	92	93	94	95	109	713	#
975	5495.81	46	62	63	75	77	78	79	91	93	94	95	99	106	108	110	111	114	121	122	123	124	125	126	127	130	131	132	138	139	140	147	185	197	198	199	200	201	214	215	216	217	218	230	231	232	233	246	247	249	250	714	#
976	5591.37	6	7	23	24	25	46	60	61	62	65	75	76	77	79	81	91	92	93	96	98	108	109	110	111	121	122	123	124	126	137	138	139	140	151	152	156	173	174	187	188	190	191	203	204	205	206	220	221	222	237	714	#
977	765.217	13	27	28	29	42	43	44	45	207	222	223	238	239	715	#
978	1064.79	9	10	11	12	13	25	26	27	28	29	30	43	128	715	#
979	291.417	124	139	140	156	172	716	#
980	391.277	109	110	123	124	126	716	#
981	425.046	104	121	122	123	137	138	717	#
982	585.752	104	105	120	121	141	142	717	#
983	86.163	20	21	#
984	239.606	205	221	222	238	718	#
985	287.742	205	221	222	223	718	#
986	160.252	104	105	122	719	#
987	195.677	106	122	123	719	#
988	72.658	195	#
989	569.094	123	139	140	141	155	156	157	720	#
990	701.583	99	139	154	155	156	170	171	720	#
991	372.319	144	218	219	220	234	235	721	#
992	483.37	202	204	218	219	220	235	721	#
993	988.484	5	21	22	36	37	38	51	52	77	148	164	722	#
994	1017.02	4	5	6	7	21	22	23	24	36	37	38	722	#
995	380.791	81	82	98	113	723	#
996	384.596	98	99	113	114	723	#
997	1061.58	26	41	56	57	58	139	156	181	196	197	209	210	211	213	724	#
998	1293.86	107	120	121	122	123	137	138	139	152	154	155	170	171	172	724	#
999	2630.14	32	34	36	38	48	49	50	51	52	53	54	55	67	68	69	70	71	72	87	93	94	194	195	198	199	211	227	243	725	#
1000	2936.09	28	36	37	43	51	52	53	54	68	70	84	92	93	94	95	110	111	125	126	127	141	142	143	158	174	175	190	234	725	#
