goods 187
bids 420

0	179.475	24	26	68	107	#
1	127.406	26	43	53	107	#
2	120.953	8	21	68	107	#
3	2048.36	1	2	5	7	15	18	20	21	22	23	28	31	37	41	44	54	60	63	72	74	82	83	88	90	91	94	95	99	100	102	108	#
4	2131.96	1	8	9	11	13	22	25	35	37	38	48	50	58	67	68	72	75	76	78	81	82	83	88	90	91	93	95	101	103	104	108	#
5	2123.15	8	9	10	12	17	18	19	20	21	32	34	35	37	41	48	52	54	60	61	72	76	77	78	84	86	88	90	93	94	103	108	#
6	2120.09	1	10	17	23	26	27	28	31	35	41	43	44	46	50	54	57	60	61	62	66	68	71	75	76	93	95	98	99	102	104	108	#
7	2050.13	8	9	12	20	28	31	35	38	46	50	52	54	58	59	60	68	74	78	79	80	83	84	85	86	89	90	92	93	100	104	108	#
8	2027.17	9	18	20	22	27	28	38	40	41	47	49	50	54	56	57	61	63	64	70	72	75	76	77	78	81	87	89	92	93	104	108	#
9	129.99	74	84	109	#
10	145.003	28	84	109	#
11	1200.56	1	2	11	17	18	23	24	27	38	54	69	70	75	91	96	97	100	105	110	#
12	1430.96	0	2	3	23	33	39	41	43	45	61	65	67	87	94	95	96	102	105	110	#
13	1321.43	12	14	22	36	38	40	45	54	58	65	72	76	84	93	94	95	96	97	110	#
14	1309.93	0	4	23	24	31	38	39	41	48	52	61	62	72	76	78	79	92	93	110	#
15	1306.57	6	10	16	18	21	35	38	40	45	58	61	66	70	75	79	87	91	96	110	#
16	1213.21	1	5	14	17	21	28	34	39	54	58	60	65	74	92	95	96	102	106	110	#
17	523.881	0	14	40	45	47	49	73	111	#
18	586.472	14	30	34	47	64	88	105	111	#
19	563.042	9	12	14	69	78	83	89	111	#
20	495.729	6	7	26	42	43	45	87	111	#
21	469.01	47	54	68	73	79	81	105	111	#
22	444.759	12	18	19	37	40	83	100	111	#
23	197.534	1	7	22	50	85	112	#
24	193.143	6	7	32	34	104	112	#
25	145.275	55	75	83	104	113	#
26	117.398	1	12	75	106	113	#
27	239.362	26	32	95	114	#
28	208.108	53	59	95	114	#
29	198.402	11	28	32	114	#
30	108.388	10	26	30	114	#
31	303.194	4	47	69	79	81	115	#
32	291.724	31	33	44	69	105	115	#
33	276.683	5	33	47	70	86	115	#
34	263.104	54	70	79	96	106	115	#
35	244.811	27	51	81	98	100	115	#
36	231.199	4	25	43	89	92	115	#
37	441.914	18	50	59	62	81	100	116	#
38	395.04	50	64	76	79	88	96	116	#
39	383.322	0	12	21	24	62	64	116	#
40	314.702	0	11	15	27	81	105	116	#
41	270.561	18	25	26	55	76	87	116	#
42	208.255	11	14	45	56	59	67	116	#
43	114.303	29	#
44	362.454	8	23	52	68	70	79	117	#
45	434.699	3	8	25	58	78	92	117	#
46	395.722	24	41	52	96	100	103	117	#
47	395.302	8	21	23	57	72	96	117	#
48	360.298	20	30	59	60	68	83	117	#
49	355.475	4	26	32	35	42	70	117	#
50	43.2473	101	#
51	706.448	7	11	30	34	38	50	55	56	63	68	72	85	91	118	#
52	988.62	12	19	30	34	39	40	41	52	61	67	70	89	92	118	#
53	967.913	7	8	48	55	58	60	75	78	79	86	88	89	96	118	#
54	901.388	4	16	42	48	49	51	57	58	63	64	79	89	101	118	#
55	896.435	5	7	13	37	45	50	56	59	64	65	75	96	97	118	#
56	801.118	11	15	30	31	41	42	59	70	73	78	85	88	102	118	#
57	74.616	2	11	119	#
58	104.867	2	3	119	#
59	21.1491	3	11	119	#
60	511.212	0	17	25	30	35	36	48	77	102	120	#
61	697.373	2	17	21	25	55	74	84	86	97	120	#
62	664.252	3	8	17	25	38	54	70	95	100	120	#
63	635.807	7	34	35	48	51	59	61	84	96	120	#
64	613.332	0	17	33	55	65	67	70	75	100	120	#
65	570.704	10	33	37	38	56	61	69	78	102	120	#
66	215.919	2	8	26	38	65	71	82	121	#
67	313.952	14	31	46	60	65	83	100	121	#
68	308.779	16	33	71	75	87	89	90	121	#
69	305.6	8	32	42	43	56	62	90	121	#
70	229.043	5	17	24	27	29	38	75	121	#
71	102.148	105	#
72	1381.48	1	2	6	7	13	14	30	40	41	44	47	48	50	51	52	61	73	75	77	82	90	91	95	100	101	103	106	122	#
73	1808.88	4	5	9	12	17	19	22	23	24	28	32	34	35	38	40	45	49	52	57	68	70	73	79	88	89	96	103	122	#
74	1737.16	10	13	14	16	17	18	22	27	29	31	34	36	39	40	50	58	71	73	76	82	86	87	89	91	96	102	103	122	#
75	1721.04	8	14	15	17	19	22	23	25	30	34	35	40	46	47	52	58	65	71	84	85	88	91	93	95	99	101	104	122	#
76	1707.83	4	5	15	17	20	23	39	44	46	51	56	60	61	63	68	69	72	74	75	76	81	88	91	96	97	99	105	122	#
77	1696.31	0	6	7	11	13	17	18	22	24	27	33	36	37	38	40	50	52	58	61	65	73	89	91	96	97	101	103	122	#
78	139.915	41	#
79	1246.92	0	9	13	17	23	26	34	40	42	44	46	54	61	64	74	77	81	86	88	94	102	123	#
80	1433.23	6	15	18	19	32	37	38	40	43	46	52	54	56	64	66	77	78	79	80	84	93	123	#
81	1369.05	1	7	9	14	23	26	39	44	45	46	51	56	59	72	79	83	86	93	95	99	102	123	#
82	1341.48	0	10	11	13	19	23	32	45	52	54	59	72	74	76	79	86	88	89	92	99	103	123	#
83	1330.74	9	14	16	19	32	34	35	38	39	43	46	50	57	67	69	71	74	82	96	100	102	123	#
84	1247.87	0	1	9	12	14	16	18	27	31	34	54	58	59	70	72	74	81	83	93	99	104	123	#
85	1004.35	19	21	22	26	31	46	49	51	52	55	72	84	86	91	97	106	124	#
86	1219.25	7	12	15	16	20	24	45	52	53	69	72	84	87	91	93	96	124	#
87	1216.97	4	12	29	32	41	55	59	64	68	77	88	90	93	97	99	102	124	#
88	1181.43	17	22	38	40	43	51	52	60	70	71	86	87	96	97	98	106	124	#
89	1105.79	3	22	24	30	39	54	55	60	70	73	75	83	88	89	93	101	124	#
90	1081.21	2	12	34	36	42	52	60	63	84	86	89	90	95	96	97	98	124	#
91	174.584	19	23	79	98	125	#
92	232.331	19	23	39	48	125	#
93	212.729	31	79	97	98	125	#
94	112.171	46	57	79	92	125	#
95	696.001	0	42	61	65	68	72	75	86	88	97	126	#
96	862.719	7	23	34	39	44	65	74	81	83	96	126	#
97	815.556	0	9	34	48	57	61	72	76	89	93	126	#
98	804.406	0	28	42	43	48	62	72	94	95	98	126	#
99	742.775	25	26	35	38	40	51	68	77	90	93	126	#
100	689.393	18	23	28	54	59	67	72	77	90	100	126	#
101	88.1119	98	106	127	#
102	109.679	17	106	127	#
103	515.697	3	5	27	29	54	67	79	89	99	102	128	#
104	759.994	3	5	16	28	34	44	68	70	76	91	128	#
105	740.492	3	34	45	53	54	67	68	72	86	94	128	#
106	691.837	0	12	32	39	40	44	62	89	96	102	128	#
107	668.266	10	21	43	45	54	67	71	82	84	93	128	#
108	629.137	5	10	27	32	42	66	69	90	93	102	128	#
109	898.527	2	4	5	14	15	22	27	32	40	47	52	56	70	72	75	87	92	129	#
110	1271.93	2	3	21	24	36	52	55	56	60	64	66	72	74	82	83	84	99	129	#
111	1160.63	1	5	12	23	25	38	40	61	69	70	71	72	73	77	80	81	88	129	#
112	1094.99	4	5	11	16	26	31	37	51	58	74	77	80	84	87	89	91	105	129	#
113	1086.77	1	4	9	22	24	35	38	42	55	61	65	69	72	80	87	105	106	129	#
114	1047.06	5	25	27	33	36	42	50	55	57	61	66	73	79	87	88	97	98	129	#
115	160.656	55	71	96	130	#
116	186.405	49	66	71	130	#
117	117.886	37	59	96	130	#
118	107.508	5	55	82	130	#
119	229.654	65	87	92	96	131	#
120	330.591	6	19	36	96	131	#
121	323.899	26	45	55	87	131	#
122	156.58	32	38	92	100	131	#
123	65.0136	3	14	65	75	131	#
124	374.888	15	26	29	53	71	82	132	#
125	513.949	52	78	82	85	89	93	132	#
126	435.98	28	50	53	54	76	83	132	#
127	406.967	26	68	81	82	88	99	132	#
128	368.991	14	19	38	49	71	101	132	#
129	348.944	6	9	12	29	34	57	132	#
130	1.28326	106	#
131	138.493	9	47	133	#
132	152.967	9	50	133	#
133	139.419	47	51	133	#
134	937.727	7	12	16	17	19	28	33	42	47	52	57	67	77	96	101	134	#
135	1241.74	17	23	27	34	47	57	58	67	69	74	76	85	89	99	105	134	#
136	1201.2	2	5	8	34	46	48	55	57	69	72	74	77	81	100	102	134	#
137	1135.2	9	10	19	28	29	31	42	65	68	81	89	93	102	103	104	134	#
138	1075.76	3	9	12	16	17	33	36	45	48	49	57	71	72	83	93	134	#
139	1061.87	3	13	19	23	24	33	47	48	57	67	71	72	92	95	96	134	#
140	376.613	23	77	87	101	135	#
141	324.028	41	52	77	100	135	#
142	305.676	59	84	87	93	135	#
143	283.24	23	52	96	101	135	#
144	234.617	23	63	89	104	135	#
145	433.011	4	22	27	52	61	63	65	81	136	#
146	535.694	15	27	66	72	75	81	88	101	136	#
147	449.219	15	30	34	35	41	62	65	106	136	#
148	444.906	11	17	39	48	61	62	63	71	136	#
149	403.188	30	33	35	37	61	63	69	72	136	#
150	386.97	4	11	32	61	78	85	86	93	136	#
151	2250.21	1	6	10	13	16	17	19	21	24	28	29	32	37	39	41	46	47	50	51	58	59	64	70	73	78	80	83	88	90	91	92	93	94	97	98	99	104	106	137	#
152	2957.43	1	3	6	8	12	17	24	28	30	34	36	41	42	46	47	50	51	53	55	57	58	61	65	69	76	77	78	79	80	83	88	89	90	91	97	101	102	105	137	#
153	2655.54	0	4	6	9	10	11	13	16	20	21	24	26	28	29	32	35	36	39	40	50	52	55	57	61	65	75	78	79	80	82	83	88	92	93	97	99	105	106	137	#
154	2614.77	1	4	6	8	9	16	19	20	21	25	28	32	34	40	42	43	45	47	50	51	57	58	60	61	67	72	76	81	88	91	92	93	97	99	100	102	105	106	137	#
155	2581.97	4	6	7	9	11	12	19	22	23	25	26	27	28	31	35	37	42	45	47	50	51	54	56	57	58	65	66	69	70	74	78	79	83	85	88	91	97	101	137	#
156	2569.11	1	3	6	7	9	13	16	20	21	24	31	35	36	41	43	44	45	46	51	53	57	58	61	63	64	65	67	68	73	74	76	80	84	86	94	96	101	105	137	#
157	75.5397	90	#
158	164.19	21	98	138	#
159	236.002	21	87	138	#
160	65.708	42	98	138	#
161	528.274	58	60	87	88	91	95	139	#
162	522.119	61	67	74	81	88	106	139	#
163	485.732	32	37	58	62	82	95	139	#
164	410.813	8	43	59	61	68	87	139	#
165	399.768	3	46	58	88	91	101	139	#
166	353.11	11	17	58	91	96	98	139	#
167	191.923	26	61	72	140	#
168	169.035	57	72	75	140	#
169	816.069	6	22	25	31	44	53	79	89	96	99	101	103	141	#
170	1006.39	6	24	29	39	49	74	78	89	96	100	101	103	141	#
171	927.497	0	2	6	9	13	41	42	82	93	96	99	100	141	#
172	842.375	5	6	13	27	43	53	55	65	66	90	91	101	141	#
173	796.837	31	39	42	49	51	52	70	72	73	84	90	103	141	#
174	790.328	14	24	37	46	53	58	65	77	78	82	87	91	141	#
175	127.018	72	92	99	142	#
176	152.756	69	85	99	142	#
177	104.774	52	56	92	142	#
178	103.028	4	30	72	142	#
179	478.503	5	29	32	44	69	83	102	106	143	#
180	657.341	9	13	58	78	83	88	93	103	143	#
181	540.345	5	21	29	35	37	41	71	73	143	#
182	532.583	0	40	56	68	71	80	83	102	143	#
183	517.279	4	10	28	44	55	74	98	101	143	#
184	496.906	21	39	41	56	69	85	86	99	143	#
185	1090.91	5	11	14	34	40	44	46	52	75	76	82	86	88	91	99	103	105	106	144	#
186	1275.96	3	5	11	12	14	21	22	29	31	40	55	66	68	72	82	86	95	97	144	#
187	1272.24	10	11	13	14	15	16	21	25	28	31	34	45	58	84	91	92	97	99	144	#
188	1259.85	3	10	11	15	20	24	28	31	52	54	67	80	81	82	84	97	102	103	144	#
189	1244.87	1	6	14	18	22	27	38	40	41	45	52	54	55	73	80	82	98	99	144	#
190	1157.91	0	1	10	11	12	14	15	19	28	40	44	53	69	71	78	81	85	101	144	#
191	968.207	2	3	14	29	42	49	62	63	68	73	81	82	92	97	102	103	145	#
192	1241.48	1	5	18	23	48	50	52	67	70	73	79	80	87	99	101	103	145	#
193	1222.85	0	9	10	12	19	20	29	36	41	52	55	59	63	87	88	100	145	#
194	1217.53	1	6	13	25	29	37	47	48	62	63	68	70	73	80	81	82	145	#
195	1199.81	8	17	23	27	29	33	40	41	50	67	73	77	88	90	97	103	145	#
196	1103.03	0	7	9	36	48	62	68	70	73	83	89	90	100	101	103	105	145	#
197	821.175	9	10	25	26	27	35	40	44	57	67	73	74	76	78	99	146	#
198	1099.14	1	40	52	57	58	61	62	65	73	76	82	93	94	99	105	146	#
199	1081.67	17	25	28	31	37	38	44	52	53	56	60	62	76	77	102	146	#
200	1062.86	1	8	16	20	31	37	52	55	56	66	72	74	79	87	102	146	#
201	1004.86	0	9	11	12	22	35	40	43	44	62	71	73	74	78	99	146	#
202	956.498	0	13	16	18	24	27	38	40	44	64	66	77	83	88	90	146	#
203	49.7735	43	#
204	1382.22	0	4	7	17	18	24	26	29	32	38	42	46	47	49	53	58	60	61	62	71	72	73	80	81	84	85	88	90	94	100	103	105	147	#
205	2014.1	1	2	4	10	19	20	24	26	28	31	34	35	38	48	50	54	61	62	68	69	72	76	80	83	95	96	99	100	101	102	104	105	147	#
206	1988.97	4	6	8	14	15	16	18	19	20	22	25	26	32	35	38	39	40	48	50	51	52	71	72	74	77	80	88	92	95	96	99	105	147	#
207	1975.76	0	1	4	6	9	14	15	21	23	31	32	34	39	41	54	60	66	71	73	74	77	80	81	82	89	95	97	98	100	102	103	105	147	#
208	1947.12	2	6	8	9	13	14	20	21	23	24	29	39	41	44	47	48	50	54	59	62	63	69	70	75	80	86	88	92	98	99	101	104	147	#
209	1943.59	0	3	4	9	13	17	23	24	32	41	52	54	61	63	66	67	69	71	73	76	78	79	81	84	85	87	97	98	99	102	104	105	147	#
210	366.291	5	22	23	24	62	71	93	103	148	#
211	529.038	24	37	48	52	90	96	101	103	148	#
212	519.264	7	36	50	51	62	72	80	87	148	#
213	516.888	22	31	32	38	41	80	100	106	148	#
214	415.376	20	23	30	35	49	64	66	80	148	#
215	397.967	37	42	49	54	70	71	102	103	148	#
216	297.733	5	21	26	53	76	149	#
217	310.008	25	26	44	70	79	149	#
218	289.871	0	10	21	39	47	149	#
219	150.267	5	35	41	51	79	149	#
220	130.662	0	59	60	76	84	149	#
221	172.796	5	39	46	62	97	150	#
222	243.911	34	43	46	47	75	150	#
223	213.527	13	31	42	63	97	150	#
224	203.561	5	25	54	56	76	150	#
225	99.6034	42	79	151	#
226	114.979	24	79	151	#
227	1300	5	15	19	41	42	50	65	72	78	81	82	84	88	91	97	98	100	104	105	152	#
228	1374.27	8	17	18	35	37	48	49	55	58	60	67	68	70	72	74	77	83	97	99	152	#
229	1365.98	1	4	5	16	20	31	47	50	51	52	65	75	77	78	96	97	100	103	105	152	#
230	1263.28	15	19	22	35	39	47	49	51	54	58	66	70	71	82	91	95	96	97	100	152	#
231	1183.3	7	9	15	23	37	41	52	54	56	69	72	77	78	86	89	93	95	96	101	152	#
232	1170.81	1	3	4	19	22	24	31	36	39	47	50	54	72	74	77	80	82	93	101	152	#
233	186.686	18	24	26	101	104	153	#
234	269.98	38	73	81	87	104	153	#
235	235.94	26	27	69	70	73	153	#
236	189.709	73	78	94	96	101	153	#
237	153.568	6	18	69	89	92	153	#
238	1359.11	4	5	10	23	27	33	35	37	52	71	72	78	80	87	93	95	97	103	105	154	#
239	1534.7	3	11	15	29	35	45	47	50	57	58	68	71	74	75	79	83	95	103	104	154	#
240	1504.54	21	24	25	29	35	37	43	54	57	64	65	75	83	89	92	93	95	102	104	154	#
241	1503.74	0	3	6	9	26	34	40	41	43	44	45	46	48	60	72	88	89	91	95	154	#
242	1420.59	2	5	8	9	21	30	31	38	40	43	49	50	53	79	83	84	87	95	97	154	#
243	1381.29	4	9	10	19	25	28	37	43	44	45	53	60	68	73	83	89	102	104	106	154	#
244	908.368	1	2	20	24	28	32	35	36	42	51	54	77	94	95	155	#
245	1034.38	0	15	20	25	35	36	40	41	74	75	79	82	92	99	155	#
246	982.364	10	14	19	25	27	28	30	35	39	55	74	79	99	102	155	#
247	968.938	2	9	15	16	24	35	47	53	69	76	83	89	90	95	155	#
248	893.903	2	7	8	17	23	27	29	33	35	75	88	94	96	106	155	#
249	886.373	11	16	39	40	42	51	54	67	72	75	92	93	96	102	155	#
250	360.149	8	17	20	25	63	83	86	94	156	#
251	511.62	3	25	28	36	44	52	59	103	156	#
252	473.897	31	41	42	55	76	86	98	99	156	#
253	465.849	0	4	31	35	60	63	87	105	156	#
254	451.933	9	13	20	23	36	63	80	87	156	#
255	392.377	25	28	37	70	74	79	94	100	156	#
256	48.0178	100	#
257	1385.9	6	8	12	13	24	28	29	31	45	48	61	62	76	77	86	87	92	94	95	99	106	157	#
258	1534.07	1	14	24	28	29	31	39	41	45	53	62	65	69	71	72	74	75	77	81	100	102	157	#
259	1511.42	0	1	9	24	28	29	30	32	41	47	50	53	57	65	66	71	74	79	92	95	99	157	#
260	1438.48	7	10	12	16	26	31	35	45	51	53	55	56	57	67	68	69	77	89	99	102	104	157	#
261	1392.1	4	9	22	24	25	27	35	40	41	43	49	57	62	72	74	77	88	89	100	105	106	157	#
262	1383.5	6	7	13	16	17	20	21	24	32	42	48	58	61	62	69	75	78	81	88	91	92	157	#
263	71.7302	76	#
264	463.8	18	37	67	70	97	158	#
265	467.07	0	18	20	52	58	158	#
266	335.984	14	67	82	83	90	158	#
267	310.481	3	17	33	70	91	158	#
268	284.928	16	34	37	54	68	158	#
269	208.244	5	46	84	88	97	158	#
270	669.074	25	33	45	47	57	68	70	75	83	85	87	98	103	159	#
271	905.923	36	40	41	55	57	58	59	70	87	90	96	97	103	159	#
272	900.922	3	21	27	38	42	46	49	58	62	65	83	98	106	159	#
273	776.596	1	4	8	25	34	45	46	62	65	70	73	74	79	159	#
274	758.203	5	17	42	58	61	66	68	75	80	81	88	100	104	159	#
275	748.575	17	27	29	33	44	59	61	62	65	73	85	98	101	159	#
276	102.831	35	50	160	#
277	149.79	35	83	160	#
278	148.773	50	86	160	#
279	831.065	27	29	40	42	46	48	60	62	67	76	90	93	103	104	106	161	#
280	956.49	3	8	13	16	22	25	34	55	68	76	87	88	90	95	103	161	#
281	940.122	2	17	27	29	34	35	42	48	50	54	58	60	67	89	91	161	#
282	925.658	4	7	12	15	16	40	42	58	81	83	85	87	96	97	99	161	#
283	893.981	2	3	16	17	21	43	46	59	60	73	83	89	91	92	93	161	#
284	891.86	3	6	21	30	31	34	38	45	46	57	64	65	67	73	89	161	#
285	780.517	7	10	23	36	49	50	51	58	61	64	66	70	101	162	#
286	973.004	0	10	18	24	26	40	43	47	64	68	70	78	88	162	#
287	943.989	10	14	29	40	42	47	69	72	73	83	93	101	102	162	#
288	926.877	1	8	10	14	23	24	26	29	36	57	77	81	87	162	#
289	915.715	1	14	17	28	38	41	58	61	67	71	73	92	93	162	#
290	795.401	1	7	9	14	29	34	36	38	43	54	61	75	104	162	#
291	407.108	0	50	63	90	96	105	163	#
292	415.18	4	20	42	43	76	105	163	#
293	406.601	8	24	45	65	90	95	163	#
294	323.803	19	23	78	83	87	96	163	#
295	303.974	21	33	60	63	83	90	163	#
296	209.711	0	26	34	35	68	69	163	#
297	148.028	65	86	164	#
298	149.515	67	86	164	#
299	409.561	0	9	37	42	48	86	96	165	#
300	443.096	9	23	42	60	77	90	104	165	#
301	437.175	2	23	42	48	61	69	91	165	#
302	407.953	9	20	31	32	42	45	86	165	#
303	375.742	34	65	68	76	80	96	102	165	#
304	348.108	0	9	54	57	65	94	106	165	#
305	40.0804	91	98	166	#
306	47.8007	61	98	166	#
307	352.222	3	35	36	46	71	73	88	91	94	167	#
308	522.774	2	19	30	38	42	46	62	87	91	167	#
309	485.363	2	19	20	27	35	61	92	95	100	167	#
310	458.163	0	3	14	45	69	72	88	92	102	167	#
311	400.065	9	27	51	62	63	73	82	98	105	167	#
312	333.195	1	3	9	12	27	33	36	63	106	167	#
313	27.7856	0	#
314	1316.42	8	12	15	17	20	33	34	38	50	51	53	55	68	69	73	84	90	91	96	97	101	102	168	#
315	1690.75	6	17	20	21	22	23	28	31	40	45	50	57	61	75	80	82	86	89	90	94	97	100	168	#
316	1640.4	1	4	15	20	31	33	36	38	56	58	59	60	61	63	65	72	74	75	87	90	97	105	168	#
317	1586.56	4	5	10	12	19	24	34	35	39	41	43	47	52	59	70	74	79	81	91	95	97	104	168	#
318	1583.99	5	9	14	15	19	20	34	38	39	40	49	50	59	79	83	84	90	91	95	97	103	105	168	#
319	1547.46	5	6	11	21	24	29	33	45	55	56	57	60	62	68	74	82	84	87	90	91	100	101	168	#
320	1785.39	5	10	11	18	19	22	23	27	32	33	43	45	47	60	62	65	66	68	70	80	81	85	86	87	88	95	98	100	103	106	169	#
321	2012.95	0	5	6	9	15	18	19	26	27	28	29	35	36	43	47	50	62	64	66	78	84	85	86	87	88	90	91	94	98	102	169	#
322	1998.97	3	4	5	9	10	11	12	13	22	25	36	38	40	49	51	52	57	59	66	70	74	75	76	78	81	82	83	93	104	105	169	#
323	1986.35	3	6	12	13	17	19	25	34	41	45	46	51	52	54	56	59	60	66	68	70	72	73	82	86	96	99	101	102	103	106	169	#
324	1944.22	1	9	12	20	23	26	28	31	32	36	43	46	51	65	66	68	72	73	74	76	79	81	82	87	88	90	92	97	98	103	169	#
325	1941.16	1	3	4	5	6	17	22	25	27	34	35	53	54	58	60	62	64	65	68	70	72	80	83	88	91	93	95	96	98	101	169	#
326	816.018	1	4	10	11	15	36	68	69	78	79	81	93	96	170	#
327	934.653	1	4	16	21	28	45	61	76	82	87	101	102	106	170	#
328	929.961	15	19	24	31	34	38	41	52	54	56	64	87	101	170	#
329	859.131	3	10	24	33	35	41	52	54	57	62	82	88	96	170	#
330	847.399	0	7	14	20	28	48	49	55	63	76	78	105	106	170	#
331	825.162	1	14	16	31	33	34	35	63	78	79	95	104	105	170	#
332	3005.7	1	2	5	7	8	9	12	13	17	22	23	25	27	29	34	35	36	37	41	42	47	48	54	55	58	60	61	63	65	66	67	74	76	77	82	83	84	86	89	90	94	97	102	105	171	#
333	3034.1	1	9	10	12	14	15	21	23	26	27	31	34	35	38	40	42	43	51	52	54	56	58	61	62	66	67	69	70	72	73	74	76	77	83	88	94	96	97	98	99	102	104	105	106	171	#
334	2999.4	1	2	6	9	12	14	15	17	18	22	23	27	29	30	38	41	43	44	48	50	51	55	57	58	62	63	64	65	66	70	72	74	77	78	81	82	84	89	93	94	96	97	99	106	171	#
335	2940.77	2	6	8	10	15	19	23	27	35	36	37	38	39	43	45	47	48	49	50	51	54	58	60	61	62	63	66	68	70	72	74	75	76	77	78	80	85	86	87	88	97	98	102	104	171	#
336	2876.18	1	3	4	5	8	9	12	14	17	19	21	27	29	31	37	38	39	44	48	50	52	54	55	58	61	64	67	70	72	73	74	77	81	83	85	87	88	90	94	98	99	103	104	105	171	#
337	2873.09	1	3	5	9	10	12	15	17	23	24	26	27	35	38	39	42	46	48	49	54	55	58	60	61	62	64	66	67	69	72	78	81	83	84	88	90	94	95	96	97	101	102	103	104	171	#
338	449.571	4	37	78	83	101	103	172	#
339	482.339	1	14	37	39	51	74	172	#
340	420.05	47	62	74	78	80	103	172	#
341	370.066	0	6	21	73	92	101	172	#
342	318.693	3	37	54	64	83	103	172	#
343	240.372	0	2	7	29	40	78	172	#
344	475.815	22	26	44	52	57	64	106	173	#
345	536.739	4	15	44	56	74	80	93	173	#
346	453.03	5	29	44	51	54	57	102	173	#
347	444.329	15	22	35	52	55	60	79	173	#
348	420.231	1	27	55	67	75	83	106	173	#
349	415.34	6	18	22	36	67	84	99	173	#
350	239.025	15	53	80	174	#
351	186.311	11	65	80	174	#
352	145.527	53	54	60	174	#
353	82.0453	15	66	104	174	#
354	224.743	1	37	70	175	#
355	262.719	50	70	93	175	#
356	232.281	37	62	79	175	#
357	168.983	1	94	105	175	#
358	216.982	0	36	97	106	176	#
359	251.775	19	72	90	97	176	#
360	232.721	0	3	58	64	176	#
361	221.733	4	36	57	71	176	#
362	179.425	4	14	21	106	176	#
363	248.817	9	43	92	177	#
364	273.324	43	81	88	177	#
365	179.352	9	67	69	177	#
366	102.587	30	82	92	177	#
367	63.2652	66	#
368	1160.4	2	3	6	10	12	17	19	24	45	48	61	65	69	75	79	85	86	90	91	94	98	105	178	#
369	1635.81	8	9	14	24	25	36	48	54	57	59	61	70	71	72	76	78	82	85	87	90	93	96	178	#
370	1588.59	3	4	9	17	37	40	42	45	46	48	55	56	63	64	77	87	88	90	91	93	97	104	178	#
371	1556.19	4	9	17	18	20	22	34	38	45	52	55	57	63	75	76	77	80	83	87	91	96	104	178	#
372	1499.58	1	8	9	20	24	45	48	49	57	58	63	68	69	76	86	87	89	90	91	94	103	104	178	#
373	1477.34	10	18	21	30	35	36	39	41	43	47	50	66	69	72	73	76	77	89	93	95	96	99	178	#
374	77.1879	46	65	98	#
375	669.821	5	7	11	18	22	25	39	41	49	63	68	79	86	106	179	#
376	941.041	11	12	19	21	23	28	34	36	41	45	48	75	98	106	179	#
377	922.264	17	19	29	34	35	45	55	71	72	77	79	87	92	104	179	#
378	910.476	9	17	18	33	34	51	52	58	61	71	72	73	91	97	179	#
379	900.38	11	22	41	50	51	56	57	59	68	72	75	78	84	86	179	#
380	886.722	5	8	11	25	28	33	36	41	55	59	60	61	71	72	179	#
381	937.56	14	29	30	40	50	61	62	72	79	81	89	94	99	100	180	#
382	933.679	0	29	33	35	40	41	45	46	48	62	79	81	88	106	180	#
383	851.266	8	15	28	32	42	44	48	49	62	80	86	93	94	100	180	#
384	838.455	20	21	24	25	26	30	44	56	75	78	81	84	89	106	180	#
385	776.445	2	8	14	18	19	21	28	41	55	64	71	78	82	99	180	#
386	773.694	0	6	15	37	47	62	64	74	76	77	84	95	100	101	180	#
387	64.404	98	103	181	#
388	16.2313	98	106	181	#
389	512.586	26	33	49	50	56	75	83	87	97	106	182	#
390	706.063	16	43	48	60	61	74	75	89	100	102	182	#
391	696.901	19	27	29	33	49	68	69	80	88	89	182	#
392	695.967	15	17	24	33	39	55	72	95	99	100	182	#
393	646.453	2	3	10	21	23	37	96	97	99	106	182	#
394	632.784	19	33	59	75	78	79	83	97	99	103	182	#
395	1583.27	14	20	24	33	36	37	38	41	43	47	60	65	66	69	71	72	80	86	90	96	97	100	101	183	#
396	1845.07	3	10	14	15	21	26	27	31	34	36	43	45	46	49	63	69	74	78	89	95	97	99	100	183	#
397	1781.63	4	17	20	36	39	53	59	60	64	65	68	69	72	80	82	84	89	91	92	93	99	101	105	183	#
398	1715.99	4	13	19	20	24	27	28	31	33	46	47	48	52	63	65	67	70	79	83	88	92	97	101	183	#
399	1710.76	7	12	14	17	23	28	31	35	45	46	53	75	76	79	80	83	84	86	92	93	96	97	105	183	#
400	1669.98	9	12	14	17	26	28	30	31	36	39	43	49	51	52	60	68	69	75	97	98	100	104	106	183	#
401	1108.45	5	6	18	19	20	23	37	42	45	61	64	65	67	68	74	77	87	101	184	#
402	1417.82	8	12	24	33	34	45	56	62	67	68	70	72	77	78	88	93	95	99	184	#
403	1358.25	6	9	14	20	28	29	36	42	45	48	72	81	93	96	97	100	101	104	184	#
404	1351.76	0	14	15	18	19	29	40	42	43	45	47	56	66	72	84	95	97	99	184	#
405	1325.39	10	12	13	14	18	21	27	34	44	47	49	50	58	62	72	98	99	103	184	#
406	1135.75	0	4	13	23	27	34	42	48	52	57	62	65	77	85	86	89	97	102	184	#
407	47.7384	34	#
408	748.272	9	22	26	27	43	53	62	64	66	71	76	81	185	#
409	870.565	19	32	40	44	50	59	72	81	88	93	102	106	185	#
410	862.805	7	12	13	27	29	51	70	74	89	97	100	105	185	#
411	772.203	7	20	36	53	56	65	68	72	87	90	95	104	185	#
412	765.304	18	27	41	50	52	53	55	59	71	72	75	96	185	#
413	756.541	0	9	10	22	26	37	54	69	77	85	88	105	185	#
414	488.009	7	9	10	13	45	71	75	81	85	98	186	#
415	666.929	13	40	42	43	48	55	94	99	100	101	186	#
416	555.174	13	37	45	58	61	64	68	75	85	87	186	#
417	535.279	4	13	41	42	53	64	79	81	101	105	186	#
418	531.911	6	21	39	42	49	53	57	73	84	98	186	#
419	521.642	1	10	29	30	58	65	82	89	91	104	186	#
