goods 142
bids 229

0	289.561	3	5	32	33	46	52	59	100	#
1	347.103	4	5	9	13	73	86	95	100	#
2	110.684	13	49	101	#
3	142.355	13	94	101	#
4	103.779	49	92	101	#
5	23.7877	3	57	#
6	746.203	2	3	9	42	51	62	69	73	81	86	102	#
7	870.73	5	19	20	37	51	58	62	71	75	97	102	#
8	795.609	2	4	10	33	45	49	52	62	86	95	102	#
9	780.079	0	2	10	34	36	47	58	81	86	96	102	#
10	779.568	3	19	25	26	43	60	66	83	91	98	102	#
11	777.067	3	34	42	44	58	76	78	79	86	92	102	#
12	545.887	16	21	30	48	71	79	87	103	#
13	689.224	17	19	21	36	59	79	93	103	#
14	642.393	16	42	50	58	75	80	96	103	#
15	609.167	29	30	44	48	65	77	82	103	#
16	583.88	4	30	42	44	63	77	87	103	#
17	523.971	1	4	36	48	55	84	89	103	#
18	272.579	24	29	44	73	75	104	#
19	380.461	16	18	41	73	85	104	#
20	375.776	24	28	76	80	87	104	#
21	302.281	18	26	29	58	75	104	#
22	2353.57	0	2	3	4	6	11	12	16	17	19	21	23	28	32	39	47	49	50	52	53	63	64	69	70	71	75	82	83	84	85	92	93	95	99	105	#
23	2757.38	0	2	3	7	9	10	14	20	21	23	27	29	30	35	37	39	46	50	52	53	56	61	62	66	70	76	81	83	89	90	91	94	97	98	105	#
24	2752.44	0	5	6	10	13	18	21	22	23	30	31	32	34	36	39	41	49	52	53	54	56	59	64	69	70	71	73	76	79	81	84	87	89	90	105	#
25	2647.93	4	5	6	10	13	15	20	23	25	30	31	34	38	39	42	43	50	53	54	56	58	59	60	62	66	69	70	81	82	83	92	95	98	99	105	#
26	2566.1	1	6	9	11	12	13	16	20	25	29	36	39	41	43	44	49	53	54	56	58	59	60	65	69	75	81	83	84	87	90	93	94	98	99	105	#
27	2563.4	1	5	9	10	16	17	19	20	21	25	30	31	32	36	41	45	53	54	56	62	63	72	73	76	77	78	79	81	83	90	95	96	97	98	105	#
28	475.593	2	5	7	8	20	26	28	59	106	#
29	539.75	7	15	47	52	55	77	90	97	106	#
30	462.079	12	26	28	59	63	81	87	90	106	#
31	442.494	5	9	21	46	47	51	92	98	106	#
32	441.852	8	13	47	54	68	69	71	85	106	#
33	385.348	9	11	20	21	37	54	57	75	106	#
34	652.364	8	16	32	34	36	60	61	64	65	71	73	80	107	#
35	974.325	9	19	26	27	28	34	38	70	84	89	93	97	107	#
36	876.788	8	13	14	16	25	29	36	41	59	65	68	73	107	#
37	847.675	1	6	28	29	32	37	49	59	64	82	86	87	107	#
38	841.07	7	8	28	43	44	62	63	80	86	92	94	95	107	#
39	836.106	14	18	28	29	37	43	47	57	64	78	92	99	107	#
40	229.339	5	40	94	108	#
41	261.538	5	25	72	108	#
42	166.199	21	40	45	108	#
43	113.686	44	69	94	108	#
44	996.797	10	12	27	34	37	45	46	51	55	57	66	68	71	77	94	96	97	109	#
45	1301.78	2	6	14	16	26	31	33	48	50	51	53	62	68	82	85	88	95	109	#
46	1272.84	0	9	10	13	29	35	37	49	53	59	72	77	78	81	89	90	94	109	#
47	1268.04	0	7	8	9	10	12	16	19	38	43	60	68	73	79	83	89	93	109	#
48	1246.3	3	10	13	14	16	19	22	31	42	47	50	58	66	68	90	93	94	109	#
49	1238.1	0	10	17	18	34	48	68	70	75	76	78	85	89	91	93	94	98	109	#
50	752.196	6	15	27	52	58	62	69	81	84	98	110	#
51	913.411	4	6	25	27	57	61	70	83	86	93	110	#
52	897.938	7	29	37	45	54	62	75	81	92	97	110	#
53	757.151	0	16	24	27	29	33	53	65	80	98	110	#
54	740.042	9	14	21	29	45	50	64	79	81	89	110	#
55	730.118	23	34	54	55	69	77	84	89	97	98	110	#
56	91.1651	51	#
57	65.1891	40	71	111	#
58	51.3526	18	71	111	#
59	156.37	51	81	112	#
60	120.853	49	51	112	#
61	104.945	15	81	112	#
62	267.284	11	17	31	55	84	113	#
63	345.655	17	41	65	83	86	113	#
64	332.501	11	38	40	66	70	113	#
65	160.152	12	29	32	50	55	113	#
66	634.536	2	30	39	40	56	64	114	#
67	511.023	2	38	56	70	73	83	114	#
68	497.862	0	29	30	68	91	96	114	#
69	494.559	20	31	40	63	94	99	114	#
70	452.965	16	52	54	64	74	99	114	#
71	448.592	27	39	53	80	81	88	114	#
72	794.081	4	17	23	32	40	54	58	65	67	69	81	93	95	115	#
73	961.752	2	25	31	62	64	67	69	71	84	87	89	93	95	115	#
74	892.215	0	4	19	23	28	36	38	40	42	46	47	87	93	115	#
75	866.966	1	9	12	31	32	35	36	50	53	79	81	83	99	115	#
76	861.311	7	8	16	23	42	48	58	63	64	71	76	89	92	115	#
77	838.594	11	29	38	40	48	55	56	62	63	72	79	82	84	115	#
78	970.827	3	10	19	20	21	33	37	63	64	74	77	79	89	94	95	116	#
79	1342.97	5	10	14	20	25	37	40	50	54	56	66	82	87	94	97	116	#
80	1233.79	2	3	4	7	13	16	20	21	41	66	75	76	77	88	89	116	#
81	1215.36	2	3	16	19	20	38	40	44	54	61	71	72	78	82	84	116	#
82	1175.45	8	18	26	30	35	37	41	43	56	58	62	64	66	75	99	116	#
83	1098.16	7	11	21	22	37	44	62	63	72	77	78	79	82	83	93	116	#
84	1740.55	2	4	9	10	11	14	18	33	38	42	43	44	46	56	59	64	66	71	72	78	82	93	97	98	99	117	#
85	1959.6	2	7	10	12	21	27	28	34	42	43	50	53	61	72	73	77	80	83	84	86	92	94	96	97	99	117	#
86	1938.89	5	6	10	12	23	35	37	39	43	44	46	53	56	62	66	73	78	79	81	88	90	92	96	97	99	117	#
87	1912.84	2	11	12	14	28	29	31	33	35	41	42	43	53	54	59	64	66	72	78	79	81	82	86	89	92	117	#
88	1878.82	0	1	5	6	10	12	19	20	21	29	43	46	49	56	58	59	61	65	67	75	77	87	90	93	98	117	#
89	1778.2	1	5	9	14	15	16	21	22	26	34	38	39	43	48	50	53	65	66	67	69	75	77	86	97	98	117	#
90	364.748	0	5	17	79	118	#
91	442.969	17	22	30	98	118	#
92	310.048	0	25	83	93	118	#
93	299.399	5	29	42	57	118	#
94	233.534	21	63	77	79	118	#
95	1089.28	0	10	12	13	31	36	42	49	86	89	92	97	99	119	#
96	1119.17	0	4	6	10	13	39	47	66	72	73	75	92	96	119	#
97	1093.76	3	4	12	17	27	35	38	66	67	79	82	86	97	119	#
98	1076.86	0	1	18	34	40	42	47	51	54	62	65	72	96	119	#
99	1050.07	2	17	19	36	53	58	59	75	76	79	81	98	99	119	#
100	993.247	4	27	44	45	49	56	63	65	66	73	76	83	97	119	#
101	74.3749	60	#
102	903.494	7	17	20	35	37	43	54	75	98	120	#
103	795.116	7	20	26	27	42	66	67	73	82	120	#
104	728.311	4	20	21	33	40	50	75	78	98	120	#
105	665.539	29	41	56	57	66	75	83	86	98	120	#
106	627.899	7	10	39	41	42	45	57	83	84	120	#
107	589.388	16	36	37	48	56	63	87	94	98	120	#
108	1041.99	5	10	26	32	33	35	37	45	57	62	69	96	97	99	121	#
109	1128.12	5	10	11	20	26	31	38	39	52	60	69	79	96	98	121	#
110	1072.77	2	5	11	12	35	36	39	46	48	54	82	86	92	95	121	#
111	1035.64	2	10	20	22	26	37	45	48	51	55	75	79	84	86	121	#
112	1032.28	0	2	6	12	26	38	46	47	52	54	59	61	72	87	121	#
113	979.464	10	16	24	32	34	41	48	49	54	69	73	83	85	94	121	#
114	1070.53	3	7	9	10	13	14	23	25	28	44	48	57	61	82	83	87	89	122	#
115	1569.61	1	10	12	18	30	31	35	36	39	51	52	54	62	81	82	86	99	122	#
116	1527.83	3	4	10	11	12	23	25	31	35	42	48	52	53	69	84	86	97	122	#
117	1440.35	0	1	5	13	17	22	39	41	43	52	66	76	85	86	88	94	99	122	#
118	1372.93	0	8	11	13	15	25	26	41	56	59	64	70	71	76	82	83	97	122	#
119	1368.03	5	10	11	17	28	30	34	35	39	54	67	79	80	84	86	92	96	122	#
120	1323.73	0	14	16	27	37	40	53	55	56	64	69	72	74	78	84	91	92	95	97	123	#
121	1353.92	6	17	19	28	32	44	48	56	59	65	70	76	79	82	84	91	94	96	97	123	#
122	1346.31	0	5	8	9	11	17	26	30	31	37	40	44	50	59	63	69	77	91	93	123	#
123	1279.96	0	4	6	9	11	13	14	21	25	33	37	38	56	70	71	73	76	79	96	123	#
124	1251.44	2	3	5	11	15	20	22	28	30	42	43	45	66	77	79	81	89	90	92	123	#
125	1240.49	0	10	11	13	18	19	35	43	45	46	56	66	70	78	79	85	92	95	96	123	#
126	1113.99	3	6	18	22	32	35	37	41	42	46	55	63	69	75	78	89	96	124	#
127	1421.74	2	10	12	14	18	29	31	40	44	51	64	68	73	75	76	78	93	124	#
128	1416.63	0	3	4	5	12	15	16	17	25	35	38	40	42	43	64	65	66	124	#
129	1363.56	2	3	10	15	16	25	27	30	32	41	42	51	59	64	66	88	95	124	#
130	1336.05	0	3	6	12	14	18	22	27	29	46	52	68	72	77	84	85	96	124	#
131	1325.41	1	5	7	8	13	15	27	28	31	34	35	42	51	53	55	86	87	124	#
132	1433.4	4	15	18	29	37	38	42	43	44	56	60	62	63	73	84	87	95	97	99	125	#
133	1505.7	0	5	30	31	34	37	38	42	45	51	54	60	66	70	72	73	75	78	91	125	#
134	1480.41	0	1	2	3	4	17	24	32	38	43	45	48	60	62	68	70	73	75	90	125	#
135	1462.2	7	17	21	26	27	31	32	37	38	40	43	46	55	62	64	69	76	90	91	125	#
136	1461.11	4	5	7	13	15	19	28	29	35	36	37	54	57	59	66	76	83	87	90	125	#
137	1460.57	1	6	19	24	25	30	32	38	50	52	56	61	62	66	67	71	82	91	95	125	#
138	50.9285	3	58	90	#
139	85.1049	42	#
140	510.883	4	5	9	19	25	67	126	#
141	524.469	9	37	45	51	66	68	126	#
142	511.991	19	23	30	55	67	93	126	#
143	497.625	25	39	60	74	80	88	126	#
144	415.853	0	13	36	47	67	69	126	#
145	414.868	5	13	58	60	80	89	126	#
146	20.3539	41	#
147	1410.53	1	9	11	13	16	25	26	29	30	51	57	64	66	72	73	75	84	91	92	127	#
148	1685.88	2	6	11	12	23	30	31	36	39	41	42	54	57	62	63	65	67	68	77	127	#
149	1663.86	6	9	11	12	14	29	35	45	51	60	62	65	66	68	83	85	90	97	98	127	#
150	1606.97	11	13	17	20	26	31	32	39	41	51	60	64	68	72	79	87	90	96	97	127	#
151	1532.06	11	13	16	17	23	24	27	33	40	48	62	68	78	80	83	86	87	97	98	127	#
152	1506.6	9	10	11	12	17	22	28	29	31	33	50	54	66	68	79	84	86	90	91	127	#
153	106.057	26	#
154	1257.82	5	7	13	17	18	26	29	31	32	34	39	42	68	70	73	77	81	82	89	128	#
155	1739.38	1	6	13	18	19	21	23	29	31	38	40	46	51	54	64	72	79	84	93	128	#
156	1503.18	0	1	6	8	13	19	23	28	39	42	45	56	57	58	67	69	76	81	99	128	#
157	1482.95	0	5	13	15	16	19	21	28	30	32	42	45	51	52	73	82	84	86	97	128	#
158	1465	6	7	20	21	26	27	34	50	52	60	64	72	76	79	80	82	86	87	88	128	#
159	1443.24	0	2	7	11	13	24	29	30	38	51	52	58	61	65	83	93	96	97	99	128	#
160	110.907	8	65	129	#
161	143.041	8	30	129	#
162	106.976	65	78	129	#
163	207.742	2	20	130	#
164	201.235	6	20	130	#
165	142.328	2	61	130	#
166	1171.23	2	5	7	9	12	14	19	20	26	49	62	69	75	85	88	89	95	97	131	#
167	1387.91	1	2	6	7	18	20	23	33	42	46	49	51	53	59	81	82	89	92	131	#
168	1386.58	10	11	21	22	29	36	40	42	47	49	66	69	71	76	77	81	92	93	131	#
169	1371.59	2	3	6	12	18	20	28	31	33	42	54	57	58	60	71	73	86	89	131	#
170	1342.51	3	4	8	9	15	20	21	42	52	56	57	60	66	78	86	92	97	98	131	#
171	1321.62	2	4	6	13	22	24	25	26	47	52	63	78	82	88	91	92	96	99	131	#
172	489.151	10	13	21	34	40	53	72	132	#
173	601.045	7	10	23	25	92	93	99	132	#
174	455.693	2	21	23	34	68	91	97	132	#
175	424.711	3	5	13	34	74	80	92	132	#
176	374.599	15	19	37	40	57	65	81	132	#
177	347.945	1	13	28	33	56	85	99	132	#
178	171.251	20	27	39	133	#
179	226.458	27	67	89	133	#
180	214.579	20	29	50	133	#
181	211.105	19	21	39	133	#
182	2770.3	1	5	7	9	11	12	15	19	21	24	27	29	31	35	39	42	47	48	49	52	54	57	61	62	64	68	70	79	83	84	86	89	92	93	96	98	134	#
183	2624.91	2	7	8	9	10	11	13	18	19	21	26	27	28	29	30	42	46	55	56	57	60	62	64	66	67	69	70	71	72	77	79	82	86	88	98	99	134	#
184	2587.38	1	2	4	8	13	17	19	23	25	26	27	29	34	40	46	48	54	55	58	60	61	64	65	66	67	68	69	70	72	74	77	88	89	95	98	99	134	#
185	2578.98	3	4	5	11	12	13	19	21	24	26	27	28	29	31	34	37	42	44	51	53	54	57	61	62	64	73	77	78	80	86	92	93	94	95	98	99	134	#
186	2578.41	1	2	3	4	8	16	20	26	29	33	36	40	42	44	46	47	48	51	54	55	58	59	60	61	66	67	68	69	81	83	86	91	93	96	98	99	134	#
187	2542.86	1	9	10	11	12	18	20	21	22	24	28	31	32	36	39	42	45	49	50	53	54	56	61	63	64	65	66	68	69	72	80	83	85	86	89	90	134	#
188	1117.75	2	4	8	33	38	47	48	49	58	63	78	86	87	91	94	95	97	99	135	#
189	1456.96	15	25	30	31	34	35	40	41	44	49	54	59	62	66	74	77	79	95	135	#
190	1434.73	2	3	10	19	31	34	42	44	46	50	54	56	59	62	70	75	86	88	135	#
191	1406.35	2	4	12	15	27	30	34	39	40	45	54	65	68	76	87	88	93	95	135	#
192	1317.53	2	10	18	22	26	30	34	35	42	45	53	56	61	66	89	91	96	97	135	#
193	1302.24	3	5	15	19	20	21	22	30	35	37	38	40	46	48	61	69	70	98	135	#
194	248.205	21	26	55	92	136	#
195	325.17	2	7	58	92	136	#
196	271.409	7	28	46	55	136	#
197	247.328	16	21	71	84	136	#
198	225.867	3	26	27	36	136	#
199	320.268	7	10	55	88	89	137	#
200	365.722	3	7	73	83	93	137	#
201	360.177	13	37	77	88	99	137	#
202	318.789	13	21	74	89	95	137	#
203	307.948	44	55	81	84	92	137	#
204	286.894	0	10	16	48	57	137	#
205	1061.97	9	15	23	26	33	34	46	47	51	52	57	61	71	77	89	90	93	95	99	138	#
206	1539.43	4	20	23	25	28	32	34	35	42	48	51	52	69	72	75	83	84	95	97	138	#
207	1500.01	4	17	20	22	23	24	28	39	42	43	44	50	52	56	67	75	84	90	97	138	#
208	1442.82	0	4	22	23	30	32	33	34	37	43	46	50	56	65	70	72	75	82	93	138	#
209	1418.59	4	5	6	8	11	12	22	25	26	29	54	60	65	68	72	73	80	88	93	138	#
210	1390.05	2	3	8	17	22	23	24	29	37	38	51	57	59	65	67	84	92	93	94	138	#
211	763.561	5	12	26	29	32	39	58	64	67	75	81	94	139	#
212	1001.39	1	4	5	27	28	29	34	46	56	69	83	94	139	#
213	983.767	1	13	16	18	31	37	58	62	72	83	89	94	139	#
214	952.527	0	12	31	43	44	47	49	53	67	70	72	83	139	#
215	800.077	12	17	20	23	33	37	54	72	78	80	93	96	139	#
216	785.662	0	13	15	21	25	31	37	39	41	75	76	90	139	#
217	3131.29	2	3	5	6	8	9	12	14	16	17	18	19	20	21	22	23	27	28	29	31	32	33	35	39	40	41	42	43	44	47	48	49	54	56	57	61	62	65	73	78	80	82	84	86	90	91	92	94	97	98	140	#
218	3692.49	1	2	3	4	6	7	8	9	10	11	15	16	19	21	22	24	25	28	29	31	32	33	37	40	41	42	47	48	49	54	56	57	59	62	71	75	77	78	81	82	84	85	86	87	90	92	94	95	96	99	140	#
219	3557.36	0	1	2	3	4	6	7	8	10	11	13	15	17	19	20	21	22	23	24	25	27	28	34	37	39	41	42	43	46	47	49	53	56	57	58	65	67	70	76	78	81	85	86	91	93	94	95	96	98	99	140	#
220	3526.65	0	1	3	4	5	7	8	10	13	14	15	19	20	21	22	24	26	27	28	34	36	37	39	40	42	44	45	46	47	49	52	53	58	60	66	68	70	72	75	76	77	79	80	81	85	90	93	94	97	98	140	#
221	3521.13	0	1	5	9	11	12	13	14	15	17	18	19	21	22	25	27	28	29	30	31	35	37	40	42	44	46	47	48	49	51	54	57	60	64	66	67	68	69	70	71	73	78	81	82	83	85	89	92	95	97	140	#
222	3513.65	0	1	3	6	13	14	15	16	17	18	19	21	22	26	28	29	31	34	36	38	40	41	43	47	48	51	58	62	64	65	67	71	72	73	74	76	77	78	81	82	83	85	86	87	90	92	94	95	96	98	140	#
223	301.655	10	28	66	71	88	141	#
224	439.524	2	10	51	59	79	141	#
225	349.855	26	60	71	80	85	141	#
226	264.187	0	16	31	41	88	141	#
227	226.748	32	44	47	66	81	141	#
228	220.166	10	28	69	71	91	141	#
