goods 153
bids 474

0	613.517	1	13	14	20	34	40	50	55	58	#
1	740.791	11	16	27	29	30	34	36	44	58	#
2	740.008	11	14	24	34	40	47	50	52	58	#
3	686.006	2	17	29	39	40	42	44	47	58	#
4	631.014	7	11	14	20	26	27	42	51	58	#
5	617.296	20	39	42	43	46	49	50	53	58	#
6	411.408	13	16	38	45	48	54	59	#
7	601.26	7	13	29	45	50	56	59	#
8	412.38	0	13	25	49	52	54	59	#
9	392.809	0	14	18	38	41	55	59	#
10	359.348	2	16	20	24	33	49	59	#
11	330.432	4	22	46	47	48	49	59	#
12	1920.94	0	2	3	5	6	8	10	11	12	13	14	16	17	19	20	25	27	28	29	32	33	34	36	41	43	44	45	46	47	48	52	54	60	#
13	2220.62	0	3	6	8	10	11	13	14	17	19	20	26	27	28	31	34	35	36	37	38	39	40	41	42	45	46	47	49	51	52	54	56	60	#
14	2179.1	0	1	3	6	8	9	10	11	12	13	14	16	21	25	26	28	29	33	37	38	39	41	43	44	46	47	48	49	51	52	53	56	60	#
15	2150.02	0	1	3	6	8	13	14	18	19	22	26	27	28	31	32	34	37	38	39	43	44	45	46	47	48	49	50	51	52	54	56	57	60	#
16	2130.99	1	2	3	8	9	10	11	12	14	16	19	20	21	23	25	26	27	29	31	32	37	38	39	40	43	45	47	49	50	51	54	56	60	#
17	2112.15	0	2	3	6	7	9	10	11	13	14	19	23	25	26	27	28	29	31	32	33	34	38	39	40	42	43	45	47	48	51	53	56	60	#
18	129.808	2	25	53	#
19	212.902	9	46	61	#
20	194.607	10	46	61	#
21	169.733	9	20	61	#
22	179.763	9	22	41	48	52	62	#
23	230.719	11	15	32	45	48	62	#
24	180.369	7	25	36	41	48	62	#
25	168.81	6	10	36	41	52	62	#
26	127.203	2	9	31	42	45	62	#
27	249.959	17	29	36	49	56	63	#
28	351.459	15	18	31	46	56	63	#
29	328.896	23	28	36	41	47	63	#
30	324.005	7	13	24	26	49	63	#
31	303.917	9	17	23	26	42	63	#
32	278.931	19	29	34	36	53	63	#
33	268.615	2	6	25	33	42	64	#
34	359.651	2	11	23	43	57	64	#
35	248.979	6	16	41	48	49	64	#
36	130.082	2	23	56	65	#
37	179.478	2	45	55	65	#
38	169.327	45	56	57	65	#
39	392.615	5	9	25	40	55	66	#
40	435.623	5	23	29	46	55	66	#
41	419.831	9	12	25	39	40	66	#
42	382.275	3	5	25	47	56	66	#
43	380.669	9	25	31	37	55	66	#
44	262.732	9	14	36	38	52	66	#
45	301.652	0	11	43	48	67	#
46	366.616	0	5	18	26	67	#
47	366.588	11	18	19	27	67	#
48	224.351	40	43	54	56	67	#
49	598.059	0	1	5	11	14	18	21	26	31	68	#
50	720.481	1	7	8	17	18	22	31	50	53	68	#
51	707.471	15	21	25	26	31	40	42	46	55	68	#
52	660.969	1	10	12	17	21	28	31	56	57	68	#
53	642.091	1	7	10	20	29	31	43	49	50	68	#
54	606.396	1	8	9	11	21	28	32	52	55	68	#
55	132.45	20	30	37	69	#
56	194.71	37	40	42	69	#
57	870.448	0	13	14	18	19	23	24	38	43	47	49	55	70	#
58	954.699	2	14	21	27	28	34	38	42	47	55	56	57	70	#
59	937.013	2	3	5	9	14	17	18	27	28	31	34	55	70	#
60	922.671	1	5	15	16	20	23	27	28	31	47	52	53	70	#
61	884.828	11	12	15	16	18	20	23	26	36	41	54	55	70	#
62	869.696	14	16	24	27	29	30	39	45	46	49	55	57	70	#
63	31.1024	6	#
64	1172.67	1	3	5	6	9	14	17	20	24	27	29	34	35	36	37	39	40	43	57	71	#
65	1343.5	9	13	14	18	24	27	32	35	36	38	39	40	45	46	49	50	53	54	57	71	#
66	1329	0	3	7	10	12	16	17	19	20	22	27	29	31	32	41	47	48	50	54	71	#
67	1308.6	3	4	8	9	14	17	20	22	23	24	27	29	31	33	37	47	49	51	57	71	#
68	1304.13	3	9	12	14	17	24	25	27	28	29	31	32	36	38	46	47	51	56	57	71	#
69	1297.1	14	16	17	20	22	28	29	33	34	35	37	38	39	40	42	50	51	53	54	71	#
70	2422.24	0	1	2	5	7	8	9	10	11	12	13	14	16	17	20	22	23	24	25	27	28	30	31	32	34	35	36	37	38	39	40	41	42	43	44	47	48	49	50	51	52	53	56	57	72	#
71	2710.08	0	2	4	6	7	8	11	12	13	14	15	16	17	19	20	22	23	24	25	27	28	29	30	32	33	34	35	36	38	39	40	42	46	47	48	49	50	51	52	53	54	55	56	57	72	#
72	2684.29	0	1	2	4	6	7	8	9	11	13	14	15	17	20	23	24	25	26	27	28	29	30	31	32	33	34	35	37	38	39	40	42	44	47	48	49	50	51	52	53	54	55	56	57	72	#
73	2682.59	0	1	2	4	5	6	8	9	10	11	12	13	15	16	17	18	19	22	23	24	25	26	27	28	29	30	31	33	34	35	36	38	39	40	42	46	47	49	51	52	53	54	55	57	72	#
74	2651.97	1	3	4	5	7	8	9	11	12	13	14	15	17	18	20	22	24	25	26	27	29	30	31	32	33	34	35	37	38	39	40	42	44	45	47	49	50	51	52	53	54	55	56	57	72	#
75	2594.26	0	1	2	5	7	8	9	11	12	15	17	19	22	23	24	25	26	27	28	29	31	33	34	35	36	37	38	39	40	42	43	45	46	47	48	49	50	51	52	53	54	55	56	57	72	#
76	241.693	8	36	46	73	#
77	252.655	8	27	51	73	#
78	249.79	46	56	57	73	#
79	116.06	25	31	36	73	#
80	53.1212	39	#
81	43.7886	56	#
82	425.004	11	20	26	36	41	74	#
83	507.729	1	11	15	16	57	74	#
84	472.602	9	20	25	26	42	74	#
85	458.073	26	29	35	53	55	74	#
86	375.546	24	28	37	39	41	74	#
87	199.708	3	30	31	34	36	74	#
88	290.911	0	2	16	23	33	40	44	75	#
89	392.44	12	13	16	29	30	33	52	75	#
90	366.014	4	14	17	25	33	41	48	75	#
91	326.763	0	7	17	21	29	33	47	75	#
92	222.229	1	2	15	21	32	43	51	75	#
93	157.232	2	5	6	10	40	45	48	75	#
94	175.158	11	14	76	#
95	191.83	14	29	76	#
96	130.83	9	11	76	#
97	617.522	2	4	21	27	31	36	40	42	44	51	77	#
98	800.235	4	6	15	27	31	38	39	40	44	53	77	#
99	788.153	3	4	9	13	14	16	37	38	42	57	77	#
100	751.36	2	3	15	17	21	25	26	27	29	47	77	#
101	729.628	2	3	5	9	11	13	15	31	41	42	77	#
102	659.887	2	5	6	10	22	35	38	40	46	57	77	#
103	1270.9	0	2	6	9	10	15	24	28	38	41	42	44	47	49	50	52	54	78	#
104	1294.22	0	2	6	13	14	22	23	28	33	34	44	46	47	48	50	55	57	78	#
105	1290.21	4	5	9	13	14	28	30	34	35	36	38	40	44	46	50	54	55	78	#
106	1261.8	4	6	10	23	25	29	33	34	36	37	41	42	44	48	49	55	57	78	#
107	1192.09	0	2	4	7	9	14	20	37	38	41	42	44	45	49	50	51	54	78	#
108	1186.57	6	9	10	11	20	24	33	35	37	39	42	43	44	46	47	48	50	78	#
109	1041.79	1	2	4	6	8	13	23	30	37	41	49	50	53	54	55	79	#
110	1479.58	2	3	7	8	11	13	20	26	30	33	37	39	44	46	50	79	#
111	1229.94	0	4	6	10	11	13	24	26	27	30	35	46	48	50	53	79	#
112	1152.84	1	4	8	9	14	19	20	24	25	27	28	29	44	50	55	79	#
113	1135.17	3	4	10	11	15	18	22	23	25	26	30	31	46	50	51	79	#
114	1122.7	4	6	7	15	19	27	29	30	31	33	35	37	38	39	55	79	#
115	198.483	9	24	28	32	80	#
116	287.879	7	15	28	56	80	#
117	282.313	25	31	32	39	80	#
118	245.334	9	16	23	43	80	#
119	222.958	8	22	24	51	80	#
120	821.788	0	2	4	10	14	15	17	22	29	30	33	48	49	50	56	81	#
121	1212.99	4	14	18	19	23	27	28	32	37	42	44	46	49	50	51	81	#
122	1137.02	8	10	12	13	14	20	24	29	36	37	42	46	50	51	54	81	#
123	1053.73	0	2	3	14	18	23	25	29	31	33	41	43	47	50	54	81	#
124	1040	2	6	7	9	11	12	14	24	28	42	46	47	49	50	54	81	#
125	1027.17	15	29	31	33	34	41	42	45	46	47	50	51	53	56	57	81	#
126	250.426	27	30	45	56	82	#
127	274.566	7	15	48	56	82	#
128	254.341	2	19	25	45	82	#
129	230.948	3	30	42	48	82	#
130	81.3022	4	#
131	528.355	11	14	17	34	38	43	46	49	55	83	#
132	693.335	3	13	22	28	42	46	49	50	55	83	#
133	635.987	14	16	17	20	29	39	44	49	56	83	#
134	573.488	0	6	15	16	34	37	43	44	50	83	#
135	531.197	0	3	10	11	27	32	34	55	57	83	#
136	529.828	3	6	29	33	34	36	39	56	57	83	#
137	939.08	8	9	18	21	27	28	37	38	45	46	47	57	84	#
138	974.81	1	4	18	25	28	30	37	39	46	47	54	57	84	#
139	929.353	0	1	12	20	22	41	42	47	48	49	53	56	84	#
140	926.598	4	15	16	18	24	28	31	42	47	49	52	56	84	#
141	917.571	1	4	9	12	25	26	34	39	45	48	52	56	84	#
142	912.357	4	5	9	16	18	21	22	25	26	40	43	50	84	#
143	90.0473	30	56	85	#
144	127.726	8	56	85	#
145	124.131	25	36	86	#
146	169.369	20	25	86	#
147	89.1542	34	36	86	#
148	634.301	10	12	17	24	25	39	40	45	51	52	87	#
149	878.933	1	10	14	20	25	28	36	40	42	50	87	#
150	797.301	6	8	13	17	20	25	30	33	39	50	87	#
151	766.466	4	8	15	22	30	36	38	44	45	50	87	#
152	732.171	9	12	15	20	33	39	44	45	47	48	87	#
153	694.986	5	11	20	24	25	31	35	39	50	53	87	#
154	146.259	8	30	53	88	#
155	190.91	13	39	53	88	#
156	167.183	30	41	56	88	#
157	1002.65	5	7	12	13	14	16	17	21	28	31	34	38	40	41	42	43	44	45	50	57	89	#
158	1294.26	3	5	10	12	15	17	19	22	23	25	28	29	30	33	35	36	43	46	47	57	89	#
159	1274.1	4	5	8	10	12	17	22	24	25	28	29	36	38	45	46	47	50	51	52	54	89	#
160	1254.85	1	4	5	9	10	15	24	25	29	35	36	38	39	43	45	46	47	50	56	57	89	#
161	1253.79	0	3	9	10	11	13	14	15	20	22	23	25	37	38	41	43	46	48	50	57	89	#
162	1227.74	3	4	6	8	16	17	19	20	24	27	28	29	36	40	44	47	48	52	53	57	89	#
163	144.628	15	#
164	127.022	31	40	52	90	#
165	79.365	2	32	55	90	#
166	728.125	9	12	18	19	24	33	35	43	44	49	51	129	#
167	1590.79	3	4	10	14	15	16	18	19	20	21	22	26	27	30	31	34	35	38	41	45	46	50	54	56	91	#
168	1709.08	1	3	4	7	8	12	13	14	15	18	19	26	27	30	32	36	39	43	44	46	47	49	55	56	91	#
169	1679.29	0	4	5	8	9	10	13	14	17	18	19	25	26	29	35	38	39	47	48	49	50	54	55	56	91	#
170	1671.14	0	7	10	13	14	15	17	18	19	20	23	29	36	37	42	46	47	49	50	53	54	55	56	57	91	#
171	1648.63	0	1	6	8	9	10	15	16	18	23	24	26	27	28	36	39	45	46	47	48	49	50	55	56	91	#
172	1581.56	0	1	4	6	7	10	13	14	15	22	23	28	29	30	35	36	37	38	39	40	42	49	50	54	91	#
173	1034.05	0	1	2	8	11	12	24	27	28	30	34	36	39	43	49	54	56	92	#
174	1247.76	0	4	9	11	12	13	17	18	22	25	27	30	34	35	36	40	57	92	#
175	1244.48	0	1	7	9	11	14	20	27	28	30	32	36	37	40	42	45	46	92	#
176	1241.24	0	3	10	11	18	20	26	27	30	36	41	42	45	46	53	54	57	92	#
177	1236.95	2	3	7	8	15	17	20	23	30	32	34	39	40	42	45	49	54	92	#
178	1236.62	7	12	13	19	20	21	23	26	27	29	34	40	43	46	49	54	56	92	#
179	50.0524	7	#
180	986.891	2	3	5	7	12	18	19	20	24	26	28	34	41	45	49	56	93	#
181	1190.97	4	8	16	20	25	28	33	34	39	43	45	46	52	53	55	56	93	#
182	1121.99	0	6	7	12	17	18	21	23	25	27	40	45	46	49	52	54	93	#
183	1103.64	0	2	8	16	18	19	20	24	25	27	29	31	33	34	44	46	93	#
184	1090.97	4	5	6	7	8	9	12	20	21	24	25	36	46	49	52	55	93	#
185	1080.78	2	3	6	8	19	22	27	28	33	36	42	43	45	46	53	57	93	#
186	410.014	0	18	24	31	34	40	53	94	#
187	509.187	2	4	9	17	27	35	53	94	#
188	481.786	12	24	34	39	44	49	56	94	#
189	477.769	3	6	22	31	47	48	50	94	#
190	464.391	5	14	18	24	49	50	53	94	#
191	454.139	3	25	26	29	36	40	55	94	#
192	1316.93	4	9	13	16	17	18	24	25	30	31	38	39	41	43	44	47	49	50	54	56	95	#
193	1643.71	4	5	6	9	11	12	13	15	17	18	22	24	25	26	27	35	39	44	47	52	95	#
194	1570.52	0	7	8	9	11	14	15	16	17	20	21	24	31	36	39	43	44	48	50	57	95	#
195	1483.15	0	6	9	12	17	19	20	21	32	35	39	43	44	45	47	48	49	50	53	55	95	#
196	1478.6	1	2	4	5	9	12	13	15	16	17	18	22	24	25	28	43	44	48	50	55	95	#
197	1463.06	6	13	14	16	17	19	22	23	26	27	29	31	33	35	36	40	44	45	46	50	95	#
198	117.176	24	25	96	#
199	151.674	25	41	96	#
200	92.9762	24	53	96	#
201	2116.89	1	2	4	7	8	9	10	11	12	14	15	16	17	19	21	23	25	26	28	31	34	37	38	41	42	45	46	49	51	53	55	57	97	#
202	2145.03	3	4	6	8	12	13	14	15	16	18	19	22	26	27	28	30	31	33	35	36	37	39	40	41	45	46	47	48	49	50	51	56	97	#
203	2093.76	1	2	4	5	7	8	11	15	16	18	21	25	26	27	30	31	32	36	37	38	39	42	43	44	45	46	47	50	53	55	56	57	97	#
204	2074.16	0	1	3	7	8	9	12	16	17	18	19	21	22	25	28	30	31	33	36	37	39	40	44	45	47	49	50	52	53	54	55	57	97	#
205	2050.9	1	4	5	6	10	12	17	18	19	21	22	25	26	27	28	29	32	36	37	40	41	42	44	45	47	48	49	50	51	53	56	57	97	#
206	2020.97	1	4	5	6	7	8	10	11	16	17	21	22	23	24	25	26	28	30	31	32	34	36	39	40	42	43	45	46	49	53	55	56	97	#
207	1430.83	2	11	12	21	26	27	35	37	38	40	41	42	47	48	49	52	54	56	57	98	#
208	1443.38	1	2	4	9	14	16	21	22	25	29	34	35	42	44	46	50	52	55	57	98	#
209	1428.48	4	8	13	15	17	22	23	29	31	37	39	41	42	44	45	46	47	49	53	98	#
210	1427.99	6	7	11	19	22	23	29	31	32	35	37	39	44	47	48	49	50	51	57	98	#
211	1383.82	0	1	10	11	13	15	29	33	35	36	37	38	40	42	44	47	51	52	56	98	#
212	1368.58	0	1	4	8	9	12	14	25	26	29	32	36	38	40	44	47	48	49	52	98	#
213	434.317	7	31	37	46	57	99	#
214	382.093	2	16	25	31	53	99	#
215	349.616	7	8	19	46	47	99	#
216	312.472	7	29	37	52	56	99	#
217	307.312	26	39	45	46	53	99	#
218	245.101	4	40	48	54	57	99	#
219	269.444	1	20	44	100	#
220	214.581	5	9	20	100	#
221	206.459	1	31	50	100	#
222	194.657	3	43	44	100	#
223	500.54	1	13	14	18	29	40	41	43	51	52	54	101	#
224	684.097	3	10	13	19	24	32	34	35	52	54	55	101	#
225	675.321	6	18	22	28	32	33	44	46	48	54	56	101	#
226	519.353	7	19	25	28	29	36	37	38	43	47	54	101	#
227	462.139	2	11	24	31	33	41	43	46	49	50	51	101	#
228	2333.02	0	1	2	4	5	7	8	9	10	11	13	15	16	19	20	21	23	24	26	27	28	33	34	35	36	37	38	39	41	43	44	45	48	49	50	51	52	53	55	57	102	#
229	2671.43	1	2	3	4	5	6	7	8	10	12	15	16	17	20	22	23	25	26	27	28	29	30	32	33	35	37	38	39	41	42	44	45	48	50	52	53	54	55	56	57	102	#
230	2648.32	0	1	3	4	5	7	8	11	12	14	15	16	18	20	23	25	26	27	28	29	30	31	33	34	37	38	39	40	41	42	44	45	46	47	49	52	53	54	56	57	102	#
231	2639.74	1	2	4	6	7	8	10	11	13	14	16	18	20	23	25	27	29	30	32	33	34	35	36	37	39	41	42	44	45	46	47	48	49	50	51	52	53	54	55	57	102	#
232	2622.81	0	1	3	4	5	6	8	10	12	13	14	16	17	18	20	22	23	27	29	31	32	33	35	37	38	39	40	41	44	45	46	47	48	49	51	52	53	54	56	57	102	#
233	2585.14	1	3	4	6	7	8	13	14	15	16	17	18	20	22	23	27	28	29	31	32	33	34	35	36	37	38	40	41	44	45	46	47	48	49	50	51	52	55	56	57	102	#
234	948.751	6	8	9	12	13	30	31	46	48	49	53	54	56	57	103	#
235	1046.71	1	2	3	6	12	14	15	23	26	27	37	49	51	57	103	#
236	1037.73	2	4	6	7	13	15	21	25	33	39	46	49	53	54	103	#
237	992.659	7	9	15	17	20	25	26	33	35	36	40	49	54	57	103	#
238	989.973	10	11	12	14	19	24	26	31	34	37	49	53	54	57	103	#
239	967.546	3	7	8	12	17	19	24	27	31	32	53	55	56	57	103	#
240	132.422	36	52	53	104	#
241	155.645	19	48	52	104	#
242	203.122	4	5	39	105	#
243	266.114	16	39	55	105	#
244	209.459	4	17	29	105	#
245	715.765	0	1	2	5	6	9	12	13	15	28	47	49	54	106	#
246	1056.57	12	15	17	18	19	20	21	22	25	28	42	48	49	106	#
247	974.582	2	11	19	25	26	28	31	36	41	43	46	53	56	106	#
248	947.873	3	4	6	14	23	24	25	28	38	41	44	49	56	106	#
249	940.799	2	4	6	9	12	26	27	37	41	42	44	46	55	106	#
250	906.794	0	6	11	12	13	23	24	32	35	36	39	43	55	106	#
251	726.702	1	5	12	13	23	26	35	40	54	57	107	#
252	775.745	1	9	10	23	24	26	28	34	48	57	107	#
253	683.152	9	12	15	29	31	37	46	52	54	57	107	#
254	670.75	1	2	3	14	25	33	34	37	42	43	107	#
255	655.9	2	13	25	30	35	40	44	46	51	54	107	#
256	653.653	6	12	20	22	34	39	41	45	54	55	107	#
257	439.601	2	9	14	19	41	51	55	108	#
258	628.712	8	9	16	18	33	55	57	108	#
259	583.966	14	15	21	32	41	46	49	108	#
260	544.623	2	8	15	16	27	34	56	108	#
261	427.247	0	2	14	16	19	21	47	108	#
262	374.631	2	9	25	36	41	45	49	108	#
263	1041.96	0	2	4	6	7	14	16	20	26	27	35	48	49	109	#
264	1131.63	5	6	11	14	18	23	29	33	42	44	48	54	57	109	#
265	1071.37	0	3	11	14	18	19	22	25	29	31	32	49	54	109	#
266	1030.21	0	4	13	16	18	23	25	36	40	44	53	54	57	109	#
267	1029.97	5	11	13	17	20	23	26	27	33	35	36	52	57	109	#
268	990.217	2	4	10	11	15	18	26	29	34	39	46	53	54	109	#
269	589.336	3	4	7	33	35	39	44	50	52	56	110	#
270	793.333	8	18	22	24	30	33	34	37	40	45	110	#
271	732.937	4	6	8	25	28	33	40	44	49	57	110	#
272	719.383	0	1	4	6	9	11	24	39	43	50	110	#
273	704.636	0	4	6	7	22	26	33	39	47	54	110	#
274	631.921	0	1	13	24	30	35	40	41	48	50	110	#
275	1232.06	2	11	13	15	16	19	21	25	27	29	38	42	43	44	47	49	57	111	#
276	1300.58	1	3	5	6	7	10	14	16	25	26	29	31	39	40	49	54	55	111	#
277	1290.7	1	3	4	11	22	23	25	28	31	35	36	40	41	43	46	50	56	111	#
278	1266.57	0	4	6	7	11	12	16	19	24	27	28	29	31	38	46	51	55	111	#
279	1261.44	1	10	11	12	13	25	26	27	31	33	35	36	40	42	48	49	56	111	#
280	1256.56	3	4	5	11	12	14	17	26	27	30	34	41	44	48	50	54	55	111	#
281	295.986	18	25	40	41	112	#
282	292.724	10	13	14	25	112	#
283	225.359	7	9	26	41	112	#
284	225.15	18	31	38	49	112	#
285	127.176	5	7	40	56	112	#
286	318.83	2	4	7	13	21	24	37	51	113	#
287	472.802	2	11	14	24	26	30	42	52	113	#
288	394.05	2	13	17	19	33	49	52	56	113	#
289	231.162	6	21	36	37	39	43	52	53	113	#
290	479.191	2	14	15	21	26	41	46	47	114	#
291	579.193	0	11	14	22	25	47	49	52	114	#
292	567.976	10	17	22	23	35	41	46	57	114	#
293	553.369	12	24	25	45	46	53	54	57	114	#
294	547.118	5	8	11	21	41	46	48	49	114	#
295	530.142	14	24	27	29	38	45	46	51	114	#
296	70.2768	9	#
297	204.312	2	8	41	115	#
298	300.379	8	13	33	115	#
299	230.17	26	41	50	115	#
300	158.684	36	41	52	116	#
301	187.736	7	33	41	116	#
302	185.586	25	41	52	116	#
303	10.5043	52	#
304	48.5831	54	#
305	147.387	7	22	32	48	117	#
306	148.367	3	5	20	32	117	#
307	1461.01	0	4	7	13	17	18	21	25	27	29	31	35	38	46	47	48	51	52	54	56	57	118	#
308	1683.84	0	4	12	14	17	21	22	23	25	26	27	29	34	38	40	48	49	50	51	52	57	118	#
309	1505.44	4	5	9	10	11	13	21	25	27	28	29	34	36	38	40	45	46	48	52	54	57	118	#
310	1483.49	4	8	15	18	19	22	24	26	27	28	33	34	36	38	44	45	46	47	48	49	56	118	#
311	1455.75	4	5	9	13	15	21	28	29	31	34	35	37	38	44	46	47	49	52	53	54	57	118	#
312	1444.94	0	11	12	17	19	20	25	26	29	32	33	35	38	40	42	44	45	50	51	52	54	118	#
313	50.0376	38	#
314	522.13	9	15	20	22	40	49	54	119	#
315	680.014	3	8	11	22	24	26	41	119	#
316	664.429	3	9	18	27	41	48	50	119	#
317	657.579	11	15	24	28	43	49	50	119	#
318	558.932	6	11	16	39	46	51	54	119	#
319	420.598	10	12	28	31	35	38	40	119	#
320	136.986	12	20	120	#
321	78.2511	12	38	120	#
322	393.983	2	18	43	44	47	48	53	121	#
323	567.276	0	11	13	14	21	28	47	121	#
324	561.891	6	11	27	35	39	44	47	121	#
325	481.962	6	7	15	18	26	41	45	121	#
326	477.891	4	34	35	39	43	54	56	121	#
327	473.079	6	19	25	31	32	52	53	121	#
328	751.985	7	8	11	17	29	31	34	46	48	56	122	#
329	932.943	12	13	25	27	29	34	45	54	56	57	122	#
330	887.779	3	7	9	17	26	27	29	50	53	56	122	#
331	812.222	9	10	11	12	13	18	22	27	35	48	122	#
332	805.048	6	11	15	22	29	30	35	39	42	45	122	#
333	791.812	1	3	4	8	12	29	40	43	47	57	122	#
334	174.174	4	7	10	24	43	123	#
335	198.533	10	21	43	44	52	123	#
336	191.992	16	24	40	47	48	123	#
337	211.86	11	16	40	124	#
338	166.461	2	3	11	124	#
339	165.476	16	19	43	124	#
340	98.0677	19	36	40	124	#
341	431.951	10	17	26	29	34	51	125	#
342	559.903	8	20	33	34	46	52	125	#
343	462.435	3	7	20	29	52	55	125	#
344	419.564	4	6	7	10	29	52	125	#
345	400.717	16	26	31	37	38	54	125	#
346	211.534	17	23	30	33	41	45	125	#
347	343.276	5	7	22	41	51	52	126	#
348	475.465	1	7	20	47	50	51	126	#
349	402.345	3	10	38	45	50	52	126	#
350	372.384	0	19	33	41	47	51	126	#
351	356.521	5	12	17	23	36	56	126	#
352	300.248	5	7	10	21	36	57	126	#
353	201.872	1	12	30	44	45	52	127	#
354	284.987	6	16	27	31	39	52	127	#
355	186.401	1	16	55	128	#
356	245.242	1	38	39	128	#
357	174.18	16	55	57	128	#
358	149.119	6	9	55	128	#
359	702.532	2	6	10	15	19	23	29	35	49	52	55	129	#
360	787.734	9	13	15	18	22	23	24	25	36	42	54	129	#
361	762.062	12	15	16	24	33	42	43	46	49	54	57	129	#
362	751.455	4	8	10	11	30	34	35	37	39	51	56	129	#
363	750.498	2	9	12	13	14	15	22	33	39	51	55	129	#
364	863.834	2	6	7	11	13	14	16	27	30	35	38	39	50	130	#
365	998.107	12	13	15	16	18	22	25	29	34	44	45	52	53	130	#
366	958.567	5	12	13	14	23	25	29	34	35	37	47	49	54	130	#
367	927.112	4	6	12	13	14	16	23	24	26	27	30	36	57	130	#
368	880.684	4	14	16	18	19	27	28	30	36	38	39	41	43	130	#
369	879.731	4	5	9	11	18	21	24	25	26	39	45	46	50	130	#
370	869.889	0	2	15	16	18	21	23	24	35	39	45	48	49	57	131	#
371	1088.53	5	6	10	13	22	25	32	38	44	45	48	49	50	57	131	#
372	975.452	1	3	5	7	9	15	17	23	25	26	30	32	36	46	131	#
373	969.98	4	5	14	23	24	26	28	29	33	35	38	39	45	47	131	#
374	933.075	3	4	7	9	16	17	19	22	24	25	31	36	38	53	131	#
375	923.138	2	10	15	18	19	21	23	24	25	38	44	49	52	53	131	#
376	559.655	1	6	7	14	18	23	40	43	45	56	132	#
377	817.294	4	8	10	14	31	36	42	45	49	53	132	#
378	726.411	8	14	17	34	43	44	46	49	50	57	132	#
379	686.983	6	28	29	30	33	35	38	40	42	54	132	#
380	666.167	1	7	12	25	27	30	38	50	51	55	132	#
381	624.418	6	12	14	16	19	27	31	48	51	57	132	#
382	1112.75	1	3	4	6	7	14	19	21	26	31	33	35	36	40	46	47	49	53	56	133	#
383	1579.28	1	3	4	8	9	12	13	14	15	23	27	29	30	35	42	49	50	54	57	133	#
384	1415.55	0	3	7	10	13	14	15	16	17	18	23	26	27	29	33	34	45	46	52	133	#
385	1403.62	0	1	3	4	6	7	10	11	14	19	20	22	27	40	41	47	50	55	57	133	#
386	1400.51	1	6	8	9	11	18	23	25	26	27	29	30	35	38	42	44	49	50	53	133	#
387	1347.34	4	6	15	18	20	28	29	30	32	34	43	44	45	46	47	48	53	56	57	133	#
388	2663.63	0	1	2	3	4	7	8	9	10	11	12	14	15	17	18	19	21	24	25	26	27	29	30	31	32	33	34	36	37	38	39	40	42	43	44	45	46	47	48	50	51	52	54	55	56	134	#
389	2955.34	1	2	3	4	6	7	8	9	11	12	14	15	18	19	20	21	22	23	24	25	27	28	29	31	34	35	36	37	38	39	41	42	43	44	45	46	47	48	49	50	51	52	53	56	57	134	#
390	2924.92	1	2	3	4	6	7	8	9	10	11	12	13	14	15	17	18	19	20	21	22	23	24	25	27	29	31	34	36	37	38	39	40	42	43	44	45	46	47	48	49	50	51	54	55	56	134	#
391	2902.8	0	3	4	5	6	7	8	9	10	11	12	13	14	15	17	19	20	21	22	23	24	25	27	28	29	31	32	35	36	37	38	39	40	42	44	45	46	47	48	50	53	54	55	56	57	134	#
392	2895.81	1	2	3	4	5	8	9	11	12	13	14	15	16	17	18	21	22	23	24	25	27	28	29	30	31	34	35	36	37	38	39	40	42	44	45	46	47	48	50	52	53	54	55	56	57	134	#
393	2888.01	0	1	2	3	4	6	7	8	9	10	11	12	14	15	17	18	19	20	22	24	25	27	28	29	30	31	32	35	36	37	38	39	40	44	46	47	48	49	50	51	53	54	55	56	57	134	#
394	323.252	15	27	32	46	135	#
395	392.693	24	27	28	35	135	#
396	236.927	36	40	46	49	135	#
397	218.691	12	13	32	43	135	#
398	168.884	15	34	48	56	135	#
399	894.496	4	5	6	9	18	24	28	30	36	38	40	43	45	52	136	#
400	1102.56	4	16	18	20	21	23	24	25	42	44	46	47	48	55	136	#
401	1000.34	4	6	9	15	16	20	23	42	45	46	47	51	53	56	136	#
402	988.826	2	4	6	9	15	18	26	32	36	44	45	49	50	57	136	#
403	983.457	7	8	11	14	20	27	31	36	40	44	47	48	51	56	136	#
404	941.546	4	9	18	21	23	25	28	31	32	40	44	45	52	55	136	#
405	276.188	5	7	9	11	28	52	53	137	#
406	370.081	7	10	22	34	36	37	51	137	#
407	353.219	7	19	21	24	28	31	38	137	#
408	279.052	2	5	9	16	17	36	40	137	#
409	113.622	32	56	#
410	1832.64	1	2	3	6	7	8	12	21	22	23	24	25	26	29	31	34	35	37	41	42	44	46	47	50	51	52	54	138	#
411	2006.93	0	4	5	7	10	11	12	14	15	16	20	22	23	25	26	27	28	29	30	34	35	37	40	42	43	45	56	138	#
412	1979.58	0	3	4	5	6	7	8	9	14	15	18	20	24	26	29	30	31	34	35	39	40	42	46	47	50	52	57	138	#
413	1956.25	2	4	6	11	12	13	14	15	16	20	22	23	26	28	29	30	33	34	36	39	40	42	44	49	50	53	56	138	#
414	1904.17	0	1	6	11	12	16	18	19	20	21	22	25	26	30	31	32	33	34	35	37	44	46	50	53	55	56	57	138	#
415	1889.74	1	3	4	6	7	13	14	15	16	19	20	21	23	25	26	30	31	32	34	37	40	41	42	46	48	49	54	138	#
416	393.35	0	6	9	13	17	22	29	30	39	42	52	139	#
417	582.834	3	6	18	21	23	24	27	32	35	45	48	139	#
418	559.754	2	3	14	18	28	29	41	48	49	51	54	139	#
419	426.487	1	2	5	12	16	17	32	38	40	44	51	139	#
420	81.1548	6	52	56	#
421	1421.82	1	4	5	6	10	12	14	16	18	22	23	24	27	29	33	34	36	37	38	44	45	47	50	51	56	141	#
422	1829.87	0	5	6	8	11	16	18	19	20	23	24	25	27	33	34	35	36	37	40	42	44	46	47	50	57	141	#
423	1760.84	1	6	8	11	12	13	16	19	24	26	27	28	32	34	37	38	39	44	47	48	49	50	52	56	57	141	#
424	1749.27	1	5	10	12	13	14	16	18	19	22	25	29	32	36	37	39	42	44	46	47	48	49	50	53	54	141	#
425	1736.25	0	5	8	11	12	13	14	18	20	21	24	25	26	27	29	34	39	41	44	47	48	49	53	54	55	141	#
426	1705.56	0	11	12	13	14	16	20	22	27	28	29	37	38	39	40	41	43	44	45	47	48	50	51	54	56	141	#
427	324.947	12	20	52	142	#
428	327.41	20	37	57	142	#
429	211.332	12	27	55	142	#
430	184.866	32	35	52	142	#
431	120.758	45	46	143	#
432	155.146	46	54	143	#
433	106.455	36	38	144	#
434	141.247	33	38	144	#
435	77.596	35	36	144	#
436	998.395	0	6	8	20	21	26	36	41	42	46	47	50	51	52	145	#
437	1321.54	3	11	12	15	19	21	25	26	30	35	36	49	50	57	145	#
438	1242.92	0	4	6	16	20	21	23	24	33	35	46	51	53	57	145	#
439	1219.17	1	3	7	13	14	16	24	25	32	35	36	42	51	57	145	#
440	1209.12	3	8	9	14	15	19	20	23	24	29	31	41	52	53	145	#
441	1201.88	3	5	8	9	14	21	23	24	30	40	41	44	54	57	145	#
442	2990.38	1	3	4	5	7	8	9	11	13	14	15	16	17	18	19	20	22	23	25	26	28	29	30	31	32	34	35	37	38	39	40	41	42	45	47	50	52	53	54	55	56	57	146	#
443	3131.74	0	3	4	5	7	8	9	10	11	12	13	14	16	17	18	19	20	22	23	24	25	26	27	28	29	31	36	37	42	43	44	45	46	47	48	49	50	51	52	54	55	57	146	#
444	3045.92	0	1	2	4	8	9	11	12	14	15	16	17	18	19	20	22	24	25	26	27	28	30	32	36	39	40	42	43	44	45	46	47	48	49	50	51	52	53	54	55	56	57	146	#
445	3035.9	0	2	3	5	7	8	9	11	12	13	14	15	17	18	19	20	21	22	24	25	26	27	28	30	31	34	35	36	37	39	43	44	46	47	48	49	52	53	54	55	56	57	146	#
446	3034.52	0	1	2	3	4	5	7	8	9	10	11	12	14	18	19	20	22	24	26	27	28	29	31	34	35	36	37	42	43	44	45	46	47	48	49	50	51	52	53	54	55	57	146	#
447	3030.94	0	1	2	3	4	7	8	9	13	14	15	18	19	20	21	22	26	27	28	29	30	31	33	34	35	36	37	38	39	40	42	43	44	46	47	48	50	51	53	54	55	57	146	#
448	73.9201	39	54	147	#
449	103.532	40	54	147	#
450	353.355	1	25	27	29	148	#
451	307.198	27	43	49	54	148	#
452	262.413	1	11	13	16	148	#
453	252.946	7	25	26	49	148	#
454	246.648	29	30	36	57	148	#
455	45.3715	0	#
456	205.544	46	57	149	#
457	187.788	28	57	149	#
458	136.444	21	46	149	#
459	577.553	1	2	3	19	21	25	34	42	43	46	150	#
460	790.099	3	9	11	14	24	31	37	46	49	55	150	#
461	767.574	2	16	20	23	24	27	42	46	51	57	150	#
462	746.725	12	14	22	25	27	32	37	41	42	51	150	#
463	746.436	0	12	18	20	22	26	29	34	35	57	150	#
464	723.145	0	3	27	33	34	36	38	44	46	50	150	#
465	192.751	35	40	151	#
466	190.591	10	35	151	#
467	175.551	40	42	151	#
468	1055.41	0	4	5	12	16	17	21	33	37	40	48	49	50	51	53	55	57	152	#
469	1296.02	0	2	3	10	11	13	14	15	19	22	23	37	41	43	50	51	57	152	#
470	1289.08	1	3	9	11	16	18	19	20	22	23	27	34	36	43	44	48	57	152	#
471	1275	5	8	11	12	25	33	37	40	44	47	49	50	52	53	54	56	57	152	#
472	1251.69	3	5	7	8	12	20	23	26	34	37	43	44	47	49	51	54	56	152	#
473	1241.22	3	11	12	13	15	17	19	23	24	36	41	44	45	46	47	48	53	152	#
