goods 186
bids 265

0	471.93	11	12	14	25	91	117	120	127	139	#
1	619.698	2	6	25	44	55	59	92	122	139	#
2	611.192	11	14	44	52	76	80	92	102	139	#
3	603.414	1	14	37	38	112	120	122	127	139	#
4	586.7	14	32	43	46	70	78	107	120	139	#
5	561.312	9	12	23	30	57	80	87	102	139	#
6	1105.91	2	9	19	36	42	62	82	83	90	95	126	134	137	140	#
7	1061.32	10	22	28	36	40	42	69	71	79	87	109	117	138	140	#
8	1010.19	16	20	26	33	42	58	61	63	71	72	109	118	119	140	#
9	1009.77	5	19	40	42	58	72	85	92	99	111	129	136	137	140	#
10	1002.83	5	9	18	21	38	62	70	93	112	117	119	128	129	140	#
11	916.653	8	11	22	29	42	43	44	46	61	62	95	96	98	140	#
12	748.653	6	23	29	32	36	41	51	80	113	117	141	#
13	921.858	41	42	43	51	83	101	113	117	124	125	141	#
14	919.473	14	41	43	46	70	84	87	88	95	97	141	#
15	766.948	15	38	48	66	80	94	99	103	137	138	141	#
16	733.581	0	7	22	26	32	82	87	97	121	138	141	#
17	724.963	0	23	28	33	47	51	52	94	97	122	141	#
18	494.05	25	27	56	77	95	97	104	111	142	#
19	662.065	1	17	31	52	78	95	98	111	142	#
20	634.008	25	46	47	62	101	111	124	131	142	#
21	575.474	14	52	64	77	80	87	97	115	142	#
22	550.354	13	31	46	67	75	98	104	119	142	#
23	532.445	15	27	58	64	97	98	108	129	142	#
24	391.566	2	47	63	110	143	#
25	328.836	2	49	97	130	143	#
26	324.073	34	76	110	120	143	#
27	265.537	11	44	63	94	143	#
28	255.656	4	47	100	109	143	#
29	536.278	12	21	35	36	39	48	59	84	94	103	126	144	#
30	784.125	5	24	48	70	86	90	114	122	123	125	138	144	#
31	746.985	1	12	30	57	61	64	65	75	87	94	133	144	#
32	730.832	6	10	13	16	17	19	39	49	69	78	135	144	#
33	697.959	21	22	36	59	80	86	95	103	121	134	138	144	#
34	693.18	52	61	84	86	103	105	110	113	121	128	138	144	#
35	278.21	69	71	94	106	145	#
36	333.671	53	69	126	134	145	#
37	257.804	25	71	102	127	145	#
38	209.552	83	106	110	127	145	#
39	179.701	65	71	94	114	145	#
40	613.838	7	8	9	12	16	30	54	58	91	125	126	133	146	#
41	815.978	8	12	14	25	41	50	55	75	98	110	133	135	146	#
42	795.189	3	8	9	59	65	72	84	109	121	134	135	138	146	#
43	758.402	2	52	53	58	81	99	109	118	120	122	132	136	146	#
44	733.703	2	38	47	54	77	86	87	90	95	118	124	134	146	#
45	733.17	8	12	30	34	46	62	69	90	115	124	134	136	146	#
46	92.0365	50	74	137	#
47	1432.03	12	17	18	27	39	44	54	56	58	70	74	77	85	92	95	99	102	103	104	105	114	121	123	129	130	131	147	#
48	1939.15	2	6	9	11	12	18	19	29	32	38	43	44	50	54	83	89	94	98	101	105	115	124	125	128	130	135	147	#
49	1930.79	6	19	23	36	43	44	46	48	50	54	65	68	76	82	86	88	95	98	101	105	106	110	111	123	136	138	147	#
50	1871.62	2	3	9	12	15	30	31	32	36	37	42	43	45	52	54	57	65	71	82	85	92	96	100	106	134	138	147	#
51	1830.05	4	6	7	9	15	19	22	31	34	36	49	50	51	52	53	56	71	77	85	87	106	108	113	121	127	128	147	#
52	1784.81	1	6	38	44	46	50	51	52	70	80	84	85	89	92	93	94	101	103	105	109	110	114	115	118	120	123	147	#
53	711.803	2	3	30	49	68	78	106	115	126	148	#
54	811.448	2	9	12	30	47	66	107	110	111	148	#
55	711.977	3	6	51	52	58	79	106	112	130	148	#
56	695.546	30	32	49	58	80	89	99	122	127	148	#
57	659.928	1	9	46	54	92	98	101	106	113	148	#
58	636.684	26	40	49	52	72	84	86	87	93	148	#
59	180.966	29	33	97	106	149	#
60	260.482	1	3	33	87	149	#
61	247.665	20	86	106	113	149	#
62	191.392	29	48	70	150	#
63	223.614	48	124	134	150	#
64	185.108	23	70	117	150	#
65	67.7433	29	91	122	150	#
66	1686.96	4	5	7	18	30	31	33	44	59	61	64	68	87	91	101	103	107	120	127	129	135	136	137	151	#
67	1599.74	1	7	26	30	47	50	53	66	68	85	86	87	97	99	103	104	107	110	111	129	132	135	136	151	#
68	1596.97	1	7	13	20	25	34	47	48	52	53	68	79	90	105	106	108	110	120	124	126	131	132	134	151	#
69	1580.17	28	44	48	49	53	55	56	67	68	72	75	76	84	97	98	104	106	107	110	119	121	135	137	151	#
70	1547.77	0	5	18	26	32	38	40	56	57	64	75	76	82	84	93	95	109	110	124	126	128	136	138	151	#
71	1523.55	1	3	11	13	15	25	40	44	59	64	76	77	87	91	92	94	106	113	128	130	131	134	135	151	#
72	651.208	8	23	25	34	43	46	64	71	88	99	114	117	152	#
73	899	3	43	53	54	55	87	122	123	125	126	130	132	152	#
74	864.591	4	34	38	44	54	59	68	81	98	114	125	136	152	#
75	767.255	0	4	5	14	23	28	30	59	71	114	125	130	152	#
76	755.431	5	6	10	23	38	50	51	82	112	116	130	132	152	#
77	743.52	0	4	15	23	25	32	61	64	73	83	101	127	152	#
78	201.336	1	18	26	39	153	#
79	204.29	39	64	84	99	153	#
80	185.362	18	51	53	76	153	#
81	140.124	26	49	77	83	153	#
82	1123.77	15	33	38	42	54	55	72	78	86	89	92	102	111	119	124	127	154	#
83	1175.03	35	44	47	50	54	64	75	76	80	83	103	106	111	112	116	138	154	#
84	1163.3	5	6	15	19	26	35	50	51	72	83	96	102	113	114	116	134	154	#
85	1143.92	29	34	41	46	47	72	75	83	84	89	92	99	102	107	115	123	154	#
86	1125.32	24	36	48	52	58	64	68	72	95	100	103	109	114	124	132	134	154	#
87	1122.32	5	22	29	45	60	61	63	64	70	82	87	102	119	125	130	133	154	#
88	306.139	44	48	62	87	115	155	#
89	343.763	17	18	48	74	106	155	#
90	280.196	16	62	117	126	128	155	#
91	254.247	16	24	70	115	137	155	#
92	205.886	27	30	44	72	123	155	#
93	204.796	38	50	79	84	87	155	#
94	71.3184	23	#
95	550.06	9	18	38	48	49	50	59	96	117	156	#
96	747.866	9	15	20	59	67	83	92	118	124	156	#
97	740.16	7	20	28	40	56	68	78	117	124	156	#
98	663.952	17	28	54	86	87	96	114	116	123	156	#
99	641.882	5	28	38	40	42	45	74	82	128	156	#
100	604.516	14	23	30	48	55	66	75	91	122	156	#
101	546.016	5	12	21	33	46	73	86	108	109	157	#
102	756.899	2	5	21	33	36	44	75	132	135	157	#
103	707.625	4	5	16	40	74	87	98	117	128	157	#
104	638.326	12	14	26	36	55	99	118	126	132	157	#
105	618.217	24	36	40	46	58	70	77	91	94	157	#
106	606.003	26	33	34	109	117	126	128	131	138	157	#
107	50.1557	137	#
108	996.071	2	11	16	21	28	44	47	48	53	63	66	100	102	111	117	124	126	130	158	#
109	1429.45	0	12	15	24	26	34	36	38	64	88	100	111	124	125	129	130	134	135	158	#
110	1292.05	0	4	6	19	25	33	50	71	87	92	100	110	113	115	120	122	125	132	158	#
111	1276.97	2	3	15	20	25	47	55	65	69	71	79	84	87	97	115	121	131	132	158	#
112	1274.05	6	8	20	32	46	48	51	52	53	81	87	93	100	106	112	117	132	137	158	#
113	1252.6	1	28	30	40	43	48	51	60	64	68	74	78	79	80	95	109	127	134	158	#
114	865.668	6	12	23	30	33	41	47	63	64	73	84	92	123	159	#
115	1132.62	6	17	37	40	52	84	91	101	104	112	116	127	135	159	#
116	957.122	31	49	73	83	88	94	96	111	114	115	117	120	129	159	#
117	925.653	30	41	55	56	58	66	82	83	88	98	99	105	112	159	#
118	844.309	10	27	33	44	46	52	56	76	78	98	104	109	122	159	#
119	797.496	23	28	34	54	65	71	75	90	124	125	128	135	136	159	#
120	415.833	13	28	52	90	108	117	123	160	#
121	439.416	37	84	103	117	124	131	135	160	#
122	435.229	13	28	31	39	47	57	58	160	#
123	433.017	22	26	87	117	123	125	126	160	#
124	427.466	22	28	46	58	91	94	134	160	#
125	416.487	47	52	62	74	75	102	125	160	#
126	612.025	14	16	18	26	28	30	40	78	136	161	#
127	683.066	12	28	30	31	33	69	96	101	130	161	#
128	647.238	22	26	30	34	41	55	99	126	128	161	#
129	553.73	13	30	34	41	56	64	74	78	82	161	#
130	516.071	12	14	33	79	95	105	123	126	129	161	#
131	496.279	4	18	19	26	48	54	90	122	128	161	#
132	404.337	23	33	35	46	69	137	162	#
133	465.791	46	50	55	102	106	129	162	#
134	441.73	23	35	41	51	54	124	162	#
135	416.462	69	75	86	111	113	136	162	#
136	405.457	3	20	37	123	124	137	162	#
137	373.16	5	12	35	63	96	137	162	#
138	103.869	50	67	163	#
139	151.26	15	67	163	#
140	139.764	50	113	163	#
141	801.837	0	11	26	31	42	59	68	71	91	116	125	135	138	164	#
142	895.943	0	12	26	35	51	71	79	82	90	101	102	127	134	164	#
143	841.185	18	26	31	69	78	79	81	83	101	118	121	132	138	164	#
144	798.394	4	6	10	19	31	57	63	67	82	100	102	116	127	164	#
145	788.661	0	17	31	37	49	54	59	66	88	115	121	127	136	164	#
146	758.546	12	22	30	36	46	59	74	80	92	95	97	103	107	164	#
147	130.837	16	32	165	#
148	150.99	16	133	165	#
149	68.6144	32	131	165	#
150	857.296	2	7	42	43	44	53	74	85	104	112	116	128	129	166	#
151	996.003	2	3	56	63	64	69	96	104	105	117	124	125	129	166	#
152	950.23	5	7	9	23	28	42	47	53	61	97	99	108	132	166	#
153	857.453	2	5	7	24	41	43	57	64	77	82	114	116	132	166	#
154	837.907	7	17	28	56	59	69	71	72	91	104	110	123	133	166	#
155	818.8	36	42	49	56	61	71	78	93	99	101	102	110	128	166	#
156	1196.78	4	8	9	12	14	22	23	33	50	51	57	59	61	62	70	72	78	85	90	114	123	167	#
157	1508.43	2	3	6	14	21	38	40	41	59	61	71	78	83	86	88	113	115	126	128	134	138	167	#
158	1487.92	9	10	19	24	26	28	35	38	44	62	70	78	80	86	101	120	121	127	135	137	138	167	#
159	1414.14	4	5	12	17	24	31	35	39	44	49	53	68	71	82	87	99	100	102	110	117	138	167	#
160	1382.39	9	10	17	19	24	26	53	64	76	90	111	112	113	114	115	116	118	120	123	134	135	167	#
161	1347.83	0	3	5	20	27	37	38	47	59	61	66	67	87	89	94	100	101	115	126	132	134	167	#
162	1281.95	2	10	14	15	36	44	50	88	89	111	112	115	124	127	130	132	168	#
163	1244.29	5	13	14	19	23	51	56	60	61	67	73	78	83	120	127	131	168	#
164	1173.72	17	20	23	30	36	42	46	47	55	89	90	92	119	131	134	138	168	#
165	1124.52	9	17	20	52	60	62	80	90	94	101	105	111	119	126	129	132	168	#
166	1111.65	2	26	40	50	58	64	88	97	99	108	111	114	116	126	134	138	168	#
167	1059.91	11	13	14	35	36	47	56	74	75	85	92	93	102	105	132	134	168	#
168	293.493	20	24	64	135	169	#
169	350.061	14	50	55	135	169	#
170	301.286	20	54	82	94	169	#
171	223.996	39	52	64	129	169	#
172	187.868	24	45	101	119	169	#
173	412.167	18	34	58	81	87	99	107	170	#
174	612.564	22	34	58	69	110	111	133	170	#
175	515.682	16	34	41	59	68	118	121	170	#
176	447.666	9	40	51	71	87	114	123	170	#
177	439.534	5	18	45	47	56	77	84	170	#
178	327.883	20	27	66	76	99	113	133	170	#
179	753.015	6	24	26	32	39	50	56	57	71	89	90	99	131	138	171	#
180	1017.84	4	9	13	16	26	32	36	38	70	87	103	105	118	130	171	#
181	1013.4	12	22	38	45	47	48	59	68	75	90	102	105	106	133	171	#
182	934.451	31	32	35	56	69	78	80	91	92	94	97	114	116	120	171	#
183	929.48	32	36	41	52	60	74	79	105	108	112	115	132	133	138	171	#
184	906.509	2	7	12	17	18	30	37	41	73	99	109	114	134	135	171	#
185	221.464	57	62	118	137	172	#
186	259.787	34	62	129	137	172	#
187	245.085	11	12	36	57	172	#
188	244.568	0	29	45	118	172	#
189	134.569	56	68	114	137	172	#
190	562.067	3	13	36	53	78	84	89	101	103	113	173	#
191	715.605	4	12	23	31	36	37	70	110	129	132	173	#
192	711.456	3	15	24	35	37	41	43	77	95	113	173	#
193	694.7	3	7	26	42	60	76	82	103	111	121	173	#
194	688.934	24	42	78	93	94	98	103	110	112	130	173	#
195	646.254	17	29	53	61	76	77	96	101	116	138	173	#
196	425.254	12	30	59	77	83	117	174	#
197	510.766	30	55	70	75	116	135	174	#
198	477.117	0	70	83	87	117	130	174	#
199	469.306	52	57	81	83	99	115	174	#
200	466.451	19	58	59	74	110	138	174	#
201	356.675	12	83	89	92	108	115	174	#
202	1587.41	13	15	18	23	25	36	40	47	49	50	60	62	65	66	67	71	72	73	83	85	87	95	99	106	107	113	116	125	127	175	#
203	2221.02	2	5	9	10	17	20	25	37	41	42	43	48	55	64	71	73	77	89	90	94	98	103	110	112	118	119	122	125	136	175	#
204	2068.01	13	15	20	24	25	30	32	37	38	44	48	49	54	55	60	63	65	74	78	81	89	91	95	96	99	103	122	124	126	175	#
205	1985.16	2	5	9	15	23	26	30	33	45	46	49	51	60	65	71	85	87	91	99	103	107	111	113	116	119	120	124	135	138	175	#
206	1959.28	16	18	34	36	37	38	39	42	45	48	49	54	55	56	60	68	71	78	80	85	94	99	102	109	110	117	130	137	138	175	#
207	1943.12	2	3	5	13	15	31	32	34	36	38	39	40	43	50	54	72	73	78	79	87	88	90	91	95	97	98	106	125	126	175	#
208	204.982	8	54	78	176	#
209	263.525	78	132	138	176	#
210	175.771	33	54	123	176	#
211	149.375	8	106	121	176	#
212	207.86	51	73	128	177	#
213	229.895	51	64	98	177	#
214	210.058	35	48	73	177	#
215	156.104	4	22	128	177	#
216	283.766	65	68	99	138	178	#
217	374.145	20	36	68	121	178	#
218	372.391	68	101	130	138	178	#
219	302.12	14	39	65	122	178	#
220	257.84	58	99	104	135	178	#
221	15.6771	64	#
222	1043.59	1	17	18	20	21	25	42	46	50	52	58	67	70	87	88	101	103	104	105	134	179	#
223	1459.97	26	31	37	45	51	64	65	69	78	83	87	89	91	95	96	97	105	125	131	133	179	#
224	1377.43	1	2	5	18	20	26	34	38	43	51	56	61	66	83	97	112	117	120	126	128	179	#
225	1370.7	9	15	16	18	24	33	35	42	44	61	63	65	83	87	104	107	121	125	126	135	179	#
226	1336.27	5	10	18	22	27	31	40	46	49	51	65	69	84	92	101	107	119	122	130	132	179	#
227	1335.42	8	9	16	26	28	31	32	48	55	57	62	81	91	94	97	99	101	103	107	138	179	#
228	965.298	9	26	30	32	43	65	66	74	96	98	108	111	124	127	128	180	#
229	1201.62	1	8	12	14	20	32	34	50	59	75	79	98	103	106	114	180	#
230	1117.88	14	20	37	47	56	65	97	98	106	109	112	120	125	127	133	180	#
231	1094.22	1	2	14	21	22	35	48	53	54	64	94	100	120	128	134	180	#
232	1092.13	6	15	26	27	57	58	60	69	86	98	99	111	120	123	132	180	#
233	1082.15	0	2	15	20	35	45	59	63	65	69	74	90	105	111	119	180	#
234	629.715	20	26	36	37	61	111	181	#
235	520.633	26	28	40	78	79	111	181	#
236	454.095	8	36	44	53	76	108	181	#
237	444.732	44	50	52	61	94	120	181	#
238	379.343	37	98	117	122	125	128	181	#
239	372.191	13	26	80	90	122	136	181	#
240	483.377	31	52	53	60	68	81	126	130	182	#
241	566.835	4	26	44	48	53	63	95	115	182	#
242	485.412	27	45	52	71	81	108	132	135	182	#
243	446.539	15	17	29	34	35	99	113	126	182	#
244	432.121	8	20	30	58	60	63	88	95	182	#
245	422.73	31	52	61	69	91	116	118	125	182	#
246	1830.7	0	5	6	11	15	19	28	29	32	36	38	54	59	65	73	80	82	89	92	94	97	112	117	125	134	137	183	#
247	1969.74	0	11	14	20	28	32	38	48	56	58	66	67	69	70	72	75	85	101	106	110	115	121	127	129	133	135	183	#
248	1953.05	3	6	15	19	20	29	30	36	38	50	51	55	65	68	69	70	74	89	93	97	112	113	121	126	127	136	183	#
249	1837.89	1	5	7	10	14	16	17	28	35	37	38	45	46	58	60	62	69	73	82	87	97	115	120	123	134	135	183	#
250	1830.96	6	10	15	17	24	30	35	38	39	45	51	64	68	71	76	78	81	92	95	106	110	112	130	131	135	137	183	#
251	1827.86	5	10	14	15	24	28	32	33	40	43	47	52	57	66	71	73	76	85	87	89	94	97	98	110	121	132	183	#
252	61.354	62	65	67	71	#
253	1169.29	2	4	15	17	19	25	27	35	43	47	73	87	92	93	98	105	121	128	133	138	184	#
254	1457.44	2	6	9	11	15	20	21	35	37	41	42	43	51	54	55	57	110	111	120	126	184	#
255	1341.9	1	6	19	26	31	37	38	40	59	61	64	72	77	83	97	110	116	126	128	130	184	#
256	1324.55	3	5	21	28	35	37	51	57	59	68	69	73	74	84	99	107	123	132	134	138	184	#
257	1254.67	1	15	16	26	28	35	40	45	51	60	69	82	87	90	97	100	108	112	129	131	184	#
258	1230.01	3	11	19	25	40	44	54	61	64	73	75	76	78	83	94	99	119	122	131	132	184	#
259	1015.5	3	16	43	44	59	60	71	74	81	99	109	115	129	130	132	133	136	137	138	185	#
260	1408.82	9	15	16	25	26	28	37	53	57	58	70	75	79	85	88	97	115	134	138	185	#
261	1384.04	1	14	19	37	38	39	40	44	47	56	61	66	71	93	104	109	114	136	137	185	#
262	1303.69	3	5	9	18	19	20	33	49	71	80	106	110	111	115	127	130	135	136	137	185	#
263	1289.41	11	17	24	26	33	39	40	52	63	71	78	81	88	93	95	126	127	134	135	185	#
264	1288.74	3	8	9	16	28	35	40	41	51	62	88	91	97	101	113	119	122	124	126	185	#
