goods 139
bids 397

0	268.043	1	2	29	66	#
1	241.491	23	29	39	66	#
2	170.935	2	41	55	66	#
3	88.2805	1	9	25	66	#
4	1153.64	5	6	7	9	12	17	20	25	27	28	31	33	39	40	42	43	50	57	59	60	63	64	67	#
5	1529.81	2	4	8	10	12	22	23	31	32	33	37	39	40	46	47	49	50	51	52	53	61	63	67	#
6	1477.5	0	3	6	7	8	12	17	21	24	33	34	36	41	42	43	46	47	49	53	60	61	64	67	#
7	1449.35	3	5	6	8	11	14	22	27	30	33	36	37	39	43	46	48	52	56	60	61	63	64	67	#
8	1416.06	3	5	7	8	10	12	21	22	26	27	31	33	36	37	39	40	45	51	52	60	62	63	67	#
9	1407.92	10	12	13	21	23	25	26	28	31	32	33	35	36	37	42	43	45	48	50	57	58	59	67	#
10	210.074	2	15	17	60	68	#
11	280.576	2	12	46	52	68	#
12	233.723	17	20	29	43	68	#
13	648.653	7	10	36	46	53	58	59	64	69	#
14	645.939	10	14	27	31	44	50	58	65	69	#
15	638.546	11	13	15	16	17	46	52	59	69	#
16	634.57	3	16	26	32	39	46	48	50	69	#
17	623.083	2	7	17	21	32	42	46	56	69	#
18	534.364	7	12	21	26	31	36	54	60	69	#
19	295.667	0	8	30	39	56	70	#
20	427.852	8	19	38	44	57	70	#
21	387.985	1	15	27	35	56	70	#
22	293.29	38	39	45	55	62	70	#
23	292.626	30	32	53	59	60	70	#
24	251.503	0	2	8	30	41	70	#
25	535.928	5	6	16	27	29	35	40	44	52	54	65	71	#
26	757.896	1	4	6	7	8	11	15	26	35	42	48	71	#
27	755.843	14	22	28	30	31	35	41	44	51	61	64	71	#
28	745.822	12	20	22	29	32	35	36	47	48	52	57	71	#
29	716.928	1	28	32	38	49	52	54	55	59	60	61	71	#
30	633.25	1	7	15	19	21	22	34	38	39	49	65	71	#
31	2038.46	0	5	6	7	11	19	21	23	25	26	28	33	34	36	37	39	41	42	43	44	46	47	48	49	50	51	52	53	54	55	58	59	62	63	64	72	#
32	2297.95	1	2	4	10	11	12	13	16	17	20	21	23	27	31	32	33	34	35	36	38	41	42	43	45	46	48	49	52	53	54	58	59	61	62	63	72	#
33	2297.05	0	2	4	5	7	9	10	11	12	15	16	17	19	20	21	23	25	26	27	30	39	42	44	45	46	47	48	50	51	54	55	57	62	63	65	72	#
34	2267.08	0	6	8	10	11	12	13	16	17	18	20	21	23	26	27	32	34	35	37	38	40	41	42	43	44	46	48	52	53	57	58	59	61	62	63	72	#
35	2262.02	0	1	4	7	8	10	11	17	18	19	20	21	23	25	30	31	35	37	38	39	41	42	44	45	46	49	50	52	53	55	57	59	62	63	64	72	#
36	2255.08	1	5	6	10	12	13	16	17	18	21	22	23	26	27	28	30	33	36	38	40	42	44	45	46	47	48	49	50	54	55	57	59	61	63	64	72	#
37	484.65	7	13	16	22	23	37	38	73	#
38	696.906	6	13	16	17	47	53	56	73	#
39	604.782	12	13	15	35	38	40	54	73	#
40	544.283	7	9	18	29	30	47	49	73	#
41	333.933	2	16	19	23	40	44	52	73	#
42	273.452	12	17	21	37	54	55	59	73	#
43	1029.14	3	18	25	34	35	37	41	42	46	48	49	56	57	63	64	74	#
44	1149.86	5	7	15	17	18	19	23	32	39	44	45	50	54	57	62	74	#
45	1138.19	13	18	24	26	31	36	38	40	42	45	48	54	57	60	63	74	#
46	1085.17	4	5	16	19	30	31	32	35	36	39	51	53	56	59	64	74	#
47	1002.21	4	5	12	13	19	24	25	26	28	30	31	34	51	53	60	74	#
48	969.885	3	19	21	23	28	31	37	39	47	50	53	55	57	60	64	74	#
49	153.031	16	18	75	#
50	165.617	18	27	75	#
51	131.076	7	16	75	#
52	493.592	16	19	22	27	28	38	40	41	46	76	#
53	715.695	6	11	17	21	22	34	35	46	54	76	#
54	654.682	10	16	17	20	24	26	27	49	53	76	#
55	625.472	6	7	8	13	16	19	23	28	43	76	#
56	560.776	2	11	13	19	27	43	50	57	58	76	#
57	558.432	4	5	9	23	38	40	41	49	52	76	#
58	686.306	6	22	27	29	32	33	36	46	47	53	61	77	#
59	870.878	8	9	10	15	28	29	33	45	51	56	59	77	#
60	754.416	3	8	14	23	24	45	46	51	61	62	64	77	#
61	702.44	8	16	22	24	35	36	51	52	53	60	63	77	#
62	652.383	12	15	28	30	32	36	39	42	45	51	62	77	#
63	649.729	11	17	29	30	42	44	51	53	56	57	60	77	#
64	1295.28	5	16	17	18	19	25	26	27	34	36	37	41	42	47	48	51	54	59	63	64	78	#
65	1546.75	5	7	9	13	15	16	18	21	22	26	27	32	38	46	47	48	50	52	57	58	78	#
66	1543.35	2	7	8	9	13	15	16	17	21	24	27	30	33	36	48	49	52	55	61	63	78	#
67	1475.88	5	6	9	11	13	15	16	17	18	25	27	36	37	41	42	50	52	57	58	60	78	#
68	1430.39	0	5	6	11	17	18	19	21	25	30	32	36	42	47	48	50	52	55	57	63	78	#
69	1333.14	2	5	11	12	14	15	17	21	24	25	27	29	30	32	33	37	42	54	60	62	78	#
70	246.695	0	10	15	50	79	#
71	329.786	10	22	27	62	79	#
72	278.657	27	32	44	50	79	#
73	202.28	0	13	24	47	79	#
74	1602.21	0	1	2	11	17	20	21	22	26	27	28	32	33	35	36	37	38	43	44	46	51	53	56	57	58	60	61	63	80	#
75	1770.44	0	2	5	6	8	9	13	18	21	26	27	28	29	33	35	36	37	38	39	42	44	46	54	56	57	59	63	64	80	#
76	1705.36	0	2	3	9	10	13	15	16	28	29	30	31	32	34	36	37	38	42	46	47	53	55	56	57	59	60	63	64	80	#
77	1679.05	5	6	7	9	11	16	21	26	28	30	31	33	35	37	38	39	44	46	50	51	55	56	57	59	60	62	63	65	80	#
78	1644.21	0	1	5	8	9	11	13	15	17	19	23	29	30	36	38	39	40	43	46	47	48	51	55	57	59	63	64	65	80	#
79	1639.82	1	2	5	6	12	17	23	27	28	30	31	32	33	34	36	39	40	42	46	51	52	55	56	57	58	59	60	65	80	#
80	181.123	2	10	81	#
81	169.495	2	64	81	#
82	120.895	10	27	81	#
83	520.13	0	2	6	16	21	23	36	39	54	57	82	#
84	647.3	6	12	30	34	35	38	46	48	57	63	82	#
85	643.768	2	7	14	21	29	37	39	52	58	64	82	#
86	624.485	15	20	21	26	31	38	39	41	48	53	82	#
87	597.732	9	16	21	25	26	31	37	48	55	59	82	#
88	579.063	4	16	19	36	39	41	43	47	48	52	82	#
89	581.474	3	5	10	23	33	46	47	52	59	60	64	83	#
90	822.092	4	12	26	30	33	35	36	39	54	59	60	83	#
91	806.822	2	5	9	24	34	35	37	46	47	60	62	83	#
92	803.245	1	4	9	12	23	28	29	54	58	59	63	83	#
93	739.977	0	11	17	23	33	34	35	45	46	54	60	83	#
94	728.295	4	7	17	18	23	24	38	39	52	56	64	83	#
95	364.441	0	1	3	29	35	39	58	63	84	#
96	502.76	3	6	19	27	40	46	51	56	84	#
97	468.711	1	3	6	15	34	35	38	61	84	#
98	455.347	0	2	7	11	26	39	58	64	84	#
99	448.105	1	7	17	19	20	48	59	61	84	#
100	422.825	5	11	19	30	39	44	47	54	84	#
101	36.3802	41	#
102	1250.15	0	4	5	8	11	14	16	17	19	22	28	29	36	37	38	39	42	43	47	50	56	61	63	65	85	#
103	1833.98	2	5	6	8	11	13	16	19	25	26	27	29	31	34	36	37	38	39	44	50	52	56	59	62	85	#
104	1644.22	4	5	6	8	11	12	14	16	17	18	23	26	29	30	34	36	38	44	45	52	54	58	59	65	85	#
105	1615.69	0	2	6	8	11	15	16	17	23	26	29	34	36	39	41	42	43	45	48	56	58	62	63	65	85	#
106	1602.76	0	1	3	6	8	11	16	17	20	22	23	25	26	34	35	36	39	45	52	54	56	58	62	63	85	#
107	1533.46	1	8	11	13	16	17	23	24	25	27	29	34	36	42	45	46	47	53	56	58	60	62	63	64	85	#
108	334.203	9	26	39	46	51	59	62	86	#
109	486.809	3	9	10	32	42	50	58	86	#
110	459.883	6	9	11	21	26	46	57	86	#
111	442.35	9	22	26	34	39	46	55	86	#
112	397.004	13	20	40	41	46	58	62	86	#
113	369.38	6	12	14	20	24	44	51	86	#
114	559.949	5	16	22	27	35	41	48	56	63	87	#
115	760.423	0	11	19	24	25	31	35	36	48	87	#
116	755.303	4	11	28	34	37	41	48	50	56	87	#
117	699.33	4	5	6	12	16	36	44	48	64	87	#
118	694.294	7	8	15	18	22	28	44	48	49	87	#
119	664.131	2	17	26	44	46	50	54	60	63	87	#
120	1003.63	1	5	9	10	11	14	19	21	22	34	39	41	42	44	45	46	54	55	60	65	88	#
121	1479.1	2	4	5	9	10	13	20	21	27	29	39	41	42	43	45	47	50	62	63	65	88	#
122	1458.52	0	1	4	5	7	8	12	13	15	16	26	29	30	31	38	45	47	48	49	50	88	#
123	1437.58	4	9	10	11	12	15	16	17	19	21	32	36	38	44	45	48	50	51	54	65	88	#
124	1435.48	1	7	9	10	11	12	13	15	16	17	24	30	31	46	47	48	52	53	55	62	88	#
125	1403.24	0	1	4	5	8	9	17	18	26	27	31	32	36	47	48	56	57	60	63	64	88	#
126	333.764	14	15	50	58	89	#
127	327.856	9	13	15	34	89	#
128	303.417	2	14	42	45	89	#
129	271.702	24	28	30	58	89	#
130	235.318	27	29	50	52	89	#
131	261.849	20	23	36	90	#
132	332.393	36	38	57	90	#
133	267.088	20	36	38	90	#
134	211.901	18	23	32	90	#
135	2362.96	0	1	4	5	6	7	9	11	12	13	15	16	17	18	19	20	22	23	24	26	29	30	32	34	35	36	38	42	43	46	48	52	54	55	57	58	62	63	64	65	91	#
136	2658.32	0	3	6	7	8	9	15	16	18	22	24	27	28	29	30	31	32	34	36	37	38	40	42	44	47	48	49	50	51	52	53	54	55	56	58	61	62	63	64	65	91	#
137	2604.08	0	3	6	9	10	13	15	16	18	19	22	23	24	26	29	30	31	32	34	35	36	38	40	41	42	44	45	46	47	48	49	52	53	54	56	57	58	59	61	62	91	#
138	2547.03	0	3	4	6	9	10	11	12	13	15	16	18	19	21	22	23	26	29	30	31	32	35	36	38	39	40	41	42	43	45	47	48	51	53	54	55	56	58	61	65	91	#
139	2508.28	0	1	4	5	6	9	10	13	15	16	18	20	21	22	25	26	27	28	29	30	31	32	38	39	40	42	46	47	48	49	52	53	54	57	58	61	62	63	64	65	91	#
140	2465.86	0	5	6	7	9	10	11	13	15	17	18	20	22	23	26	27	28	29	30	32	33	36	38	39	40	42	43	46	47	48	49	50	51	52	53	54	56	61	63	65	91	#
141	661.696	3	6	11	14	16	25	26	34	38	45	49	61	63	92	#
142	969.229	2	8	10	14	15	17	19	32	34	38	59	63	64	92	#
143	853.982	6	13	23	28	30	34	35	40	46	48	49	50	61	92	#
144	840.268	0	7	8	10	13	15	23	29	37	45	58	63	64	92	#
145	830.483	7	11	21	22	28	34	35	42	48	51	55	62	64	92	#
146	787.368	8	15	17	20	22	25	27	38	53	56	61	62	65	92	#
147	456.445	13	22	23	26	28	29	33	38	40	47	58	93	#
148	683.709	3	8	14	23	28	35	37	38	59	61	62	93	#
149	622.921	8	12	16	26	29	31	38	39	45	48	64	93	#
150	585.692	13	24	29	33	36	40	41	43	45	46	56	93	#
151	550.798	3	9	12	14	22	23	27	37	47	61	63	93	#
152	533.064	0	4	13	15	19	24	28	31	33	48	62	93	#
153	428.735	1	3	13	27	28	38	94	#
154	468.57	13	22	29	47	50	56	94	#
155	440.873	1	13	27	42	49	65	94	#
156	406.914	19	27	29	39	44	56	94	#
157	377.969	15	29	32	38	39	48	94	#
158	355.784	8	18	22	28	44	64	94	#
159	2410.87	0	1	2	3	4	6	7	9	10	11	12	17	18	19	23	26	30	32	33	34	36	37	40	41	42	45	47	48	50	54	55	58	59	60	61	63	64	65	95	#
160	2470.4	2	4	6	7	8	9	10	11	12	14	16	19	22	26	28	29	31	37	39	40	41	43	44	46	47	49	50	51	53	55	56	57	58	60	61	62	63	64	95	#
161	2467.83	0	2	3	4	6	7	9	10	11	14	17	19	20	22	25	28	30	31	32	34	36	37	39	40	42	44	45	46	48	50	54	55	56	58	59	60	64	65	95	#
162	2441.25	0	2	4	6	7	11	12	14	16	17	20	25	26	28	30	34	36	37	38	41	42	44	45	46	47	48	49	50	51	52	53	54	55	58	60	62	63	64	95	#
163	2430.25	0	2	3	5	6	7	8	10	11	14	18	19	20	25	27	28	29	30	31	32	34	35	37	39	40	42	43	47	48	49	50	51	53	54	60	63	64	65	95	#
164	2423.8	2	3	4	6	7	9	11	12	14	15	16	17	18	20	21	22	26	27	28	30	31	32	33	34	35	38	42	46	49	51	53	55	57	60	61	62	63	64	95	#
165	178.701	1	26	52	96	#
166	214.62	1	15	30	96	#
167	144.298	24	45	52	96	#
168	76.8856	28	#
169	2437.14	0	1	3	4	8	9	10	11	13	14	16	17	18	19	24	25	26	27	28	30	32	36	37	38	39	40	41	42	43	44	46	47	48	49	50	51	53	55	57	58	60	61	62	63	64	65	97	#
170	2800.55	1	3	4	5	6	7	8	9	10	11	12	13	14	15	16	17	18	21	23	24	27	29	30	31	32	34	36	39	40	42	43	44	46	47	48	49	50	53	54	56	57	60	61	62	64	65	97	#
171	2729.19	0	1	2	6	7	8	9	11	13	14	15	16	18	20	21	22	23	25	27	30	31	34	35	36	37	38	39	40	41	42	44	45	46	47	48	49	51	54	55	56	57	58	61	62	64	65	97	#
172	2720.26	1	3	6	7	8	9	10	11	12	13	14	16	17	18	19	20	23	24	26	27	28	29	30	31	34	35	36	41	42	43	44	45	46	47	48	49	52	54	55	56	57	58	61	62	63	64	97	#
173	2719.21	0	1	2	3	4	5	7	8	11	13	14	15	16	17	18	19	23	27	28	30	31	32	34	35	36	39	40	41	43	44	45	46	47	48	49	51	54	55	56	57	58	60	61	62	64	65	97	#
174	2661.36	0	1	2	3	6	7	8	9	10	11	12	13	16	17	18	20	22	23	24	25	27	28	31	33	36	39	40	41	42	44	45	46	49	50	51	52	53	54	55	56	57	59	61	62	64	65	97	#
175	280.669	6	27	36	61	98	#
176	321.808	10	14	16	27	98	#
177	237.106	36	39	54	62	98	#
178	220.765	6	7	32	42	98	#
179	191.049	2	22	31	61	98	#
180	2018.25	0	1	6	7	8	11	12	13	15	16	18	22	23	24	29	30	32	33	37	39	41	46	47	49	50	53	54	55	56	61	64	65	99	#
181	2218.44	0	6	7	8	10	13	15	16	17	20	23	28	29	30	32	34	36	38	39	41	46	47	48	49	53	54	56	57	60	61	63	65	99	#
182	2112.22	0	5	6	7	8	10	13	14	16	17	20	22	23	24	26	31	35	36	39	41	46	50	51	53	54	55	56	57	60	62	64	65	99	#
183	2057.64	0	3	6	7	8	10	11	16	17	22	23	24	25	26	27	29	30	32	33	39	41	46	47	48	49	51	53	54	57	60	62	64	99	#
184	2052.47	9	10	11	16	17	18	22	23	24	25	28	30	31	32	33	34	37	38	40	41	43	47	48	49	50	53	55	57	60	62	63	65	99	#
185	2038.36	0	1	5	6	7	8	9	10	13	14	15	16	24	25	27	28	29	33	34	35	38	39	41	45	53	56	57	58	62	63	64	65	99	#
186	443.863	12	17	19	27	29	31	34	60	100	#
187	640.048	2	5	22	29	30	35	48	54	100	#
188	558.641	10	13	23	32	45	52	57	60	100	#
189	500.306	2	6	11	22	34	37	45	48	100	#
190	496.913	9	17	18	34	43	47	48	61	100	#
191	478.496	5	26	27	43	46	57	62	63	100	#
192	119.291	7	14	44	101	#
193	142.925	7	33	36	101	#
194	132.356	8	14	37	101	#
195	3955.64	37	64	7	17	4	63	39	28	15	9	46	42	27	48	12	49	2	43	55	8	31	52	29	5	36	30	6	3	60	33	45	54	10	13	11	62	38	21	44	32	34	61	26	22	58	41	23	1	24	20	51	56	53	14	25	35	16	50	18	40	0	19	59	65	57	47	#
196	1188.99	9	11	12	18	20	24	25	27	31	41	42	44	45	51	54	57	59	61	62	64	102	#
197	1708.77	6	8	9	11	12	13	15	18	19	20	22	23	29	31	42	44	48	53	56	57	102	#
198	1385.65	2	6	8	9	12	15	16	21	23	34	40	42	46	47	48	49	51	57	58	62	102	#
199	1374.23	4	5	8	12	15	18	20	23	25	27	35	40	41	42	44	45	50	54	62	64	102	#
200	1310.48	9	10	11	12	14	16	18	19	24	25	26	28	35	37	41	45	48	50	53	62	102	#
201	1290.1	2	3	6	7	8	13	18	19	20	21	22	25	29	37	41	45	47	48	58	65	102	#
202	270.705	21	28	51	53	57	64	103	#
203	398.646	1	8	24	44	51	65	103	#
204	347.913	0	7	30	46	48	53	103	#
205	291.92	0	26	28	33	62	64	103	#
206	275.789	28	42	44	49	54	65	103	#
207	847.733	4	5	8	14	27	33	35	37	47	49	56	62	104	#
208	1054.92	2	11	14	22	31	33	35	36	37	41	45	49	104	#
209	1009.17	3	6	9	11	13	15	22	35	44	46	49	65	104	#
210	993.514	0	3	8	10	14	19	26	27	35	52	53	62	104	#
211	962.414	1	4	8	27	38	39	45	48	52	53	56	62	104	#
212	922.005	9	16	21	22	26	32	35	43	45	51	62	63	104	#
213	1071.06	4	5	6	10	13	28	29	31	32	43	46	54	56	58	59	105	#
214	1091.17	5	7	11	12	17	27	29	31	40	44	46	57	59	63	65	105	#
215	1071.25	4	12	13	15	17	19	29	31	32	47	49	55	59	63	64	105	#
216	1042.93	0	3	9	13	21	24	29	30	31	33	36	43	46	50	60	105	#
217	1039.42	1	2	3	10	12	14	15	17	32	36	43	45	48	53	65	105	#
218	1008.48	7	13	23	29	30	32	33	34	36	41	51	55	60	61	65	105	#
219	1096.53	0	2	11	16	21	23	26	28	30	33	34	35	51	52	56	58	60	61	62	63	65	106	#
220	1482.69	0	2	6	8	14	15	17	22	24	26	32	35	36	45	46	47	49	59	60	62	64	106	#
221	1479.89	2	7	16	23	26	27	28	29	30	31	32	33	42	45	46	47	51	52	53	55	60	106	#
222	1439.24	1	2	4	7	9	13	28	30	32	33	35	36	38	44	46	50	52	55	59	60	61	106	#
223	1382.01	0	1	9	13	16	17	23	24	25	28	30	35	36	39	45	49	57	59	60	64	65	106	#
224	1378.76	7	13	14	16	18	19	22	24	26	27	31	33	36	38	40	42	45	48	52	57	58	106	#
225	536.02	12	13	15	17	26	30	38	39	45	48	60	107	#
226	787.473	2	12	21	26	35	37	38	44	46	53	64	107	#
227	778.554	6	8	10	38	40	41	46	47	48	60	63	107	#
228	734.133	7	12	27	30	31	33	46	57	60	63	64	107	#
229	728.038	3	4	14	17	28	30	31	35	36	37	45	107	#
230	649.596	8	15	27	30	36	39	48	49	56	60	63	107	#
231	178.849	11	41	53	108	#
232	235.397	21	41	53	108	#
233	221.015	41	54	62	108	#
234	87.1066	11	23	33	108	#
235	286.804	9	18	22	49	109	#
236	366.562	5	9	13	49	109	#
237	332.903	5	11	18	27	109	#
238	304.441	5	9	12	49	109	#
239	266.53	17	22	51	53	109	#
240	788.464	3	9	14	15	18	19	23	26	30	37	39	45	48	58	110	#
241	1089.52	7	9	12	28	29	34	40	43	49	50	52	53	56	60	110	#
242	1078.91	4	7	11	12	17	24	46	47	48	51	53	56	57	65	110	#
243	978.895	9	12	14	15	19	25	34	37	43	46	50	58	62	65	110	#
244	968.758	1	5	9	13	14	19	20	21	29	45	53	55	56	65	110	#
245	955.051	2	4	6	9	14	16	18	25	28	33	40	44	56	58	110	#
246	837.448	2	7	14	20	22	24	26	33	37	39	50	52	53	56	57	59	111	#
247	1227.65	2	6	8	17	18	19	24	29	31	34	47	53	54	57	64	65	111	#
248	1192.39	6	8	10	11	17	18	25	28	29	31	35	39	50	52	56	57	111	#
249	1131.79	3	4	6	14	20	24	29	32	34	49	50	53	57	58	63	65	111	#
250	1087.92	0	5	7	19	23	26	31	35	36	37	41	47	50	53	56	59	111	#
251	1063.37	1	3	6	10	12	14	19	22	23	24	29	31	34	39	56	62	111	#
252	1357.43	0	1	2	5	7	8	11	15	17	19	20	24	28	31	37	41	43	44	45	48	53	55	64	112	#
253	1786.78	1	3	7	9	12	13	16	17	22	23	24	26	33	36	40	49	51	52	53	57	62	64	65	112	#
254	1691.15	0	2	5	6	10	11	16	17	20	23	24	26	27	30	33	40	44	45	46	48	54	60	65	112	#
255	1651.96	2	4	5	8	9	14	15	17	20	23	29	31	37	38	42	44	48	51	53	54	63	64	65	112	#
256	1627.37	1	2	3	10	13	14	15	18	25	29	31	37	38	40	41	45	48	54	55	57	60	62	64	112	#
257	1624.29	1	3	6	10	11	14	16	19	21	22	23	26	29	30	31	33	37	43	48	53	55	63	65	112	#
258	423.405	7	14	17	35	65	113	#
259	383.653	7	21	35	60	62	113	#
260	376.703	14	23	25	57	65	113	#
261	328.784	2	6	14	22	56	113	#
262	215.734	5	8	17	24	64	113	#
263	334.186	28	31	40	58	63	65	114	#
264	458.394	1	7	14	45	46	65	114	#
265	441.804	4	16	20	29	54	63	114	#
266	413.868	1	26	40	52	57	60	114	#
267	313.097	15	30	45	48	51	58	114	#
268	290.019	6	31	45	50	58	59	114	#
269	844.641	0	2	7	11	35	36	37	45	48	50	54	63	64	115	#
270	1003.34	1	2	5	7	8	15	18	22	28	36	39	47	48	115	#
271	976.472	7	10	11	17	23	27	30	42	46	54	56	57	58	115	#
272	955.765	1	2	9	13	18	21	25	31	41	44	50	54	62	115	#
273	946.911	0	2	11	13	15	16	34	35	49	51	56	59	61	115	#
274	914.755	2	4	14	16	26	29	31	34	35	37	44	48	61	115	#
275	251.766	27	42	44	45	51	116	#
276	369.43	10	11	27	36	44	116	#
277	349.939	26	27	36	40	47	116	#
278	277.642	4	31	38	39	42	116	#
279	245.665	29	37	39	48	51	116	#
280	1815.77	0	2	3	4	5	9	10	12	15	16	18	19	21	23	24	25	28	30	32	34	35	36	37	43	45	46	50	52	53	56	57	58	59	64	117	#
281	2235.97	0	2	4	6	9	10	11	17	18	23	24	25	26	28	29	31	33	34	36	37	40	41	42	45	48	50	51	52	53	55	56	57	62	64	117	#
282	2233.36	2	5	8	13	14	15	18	19	20	21	25	26	28	29	30	31	32	33	34	36	37	38	40	43	47	48	49	52	54	57	62	63	64	65	117	#
283	2209.83	2	6	7	9	10	11	12	15	16	17	18	19	21	22	24	26	27	29	30	33	34	35	36	38	40	41	48	49	50	52	61	62	63	64	117	#
284	2155.39	0	2	3	4	6	7	10	11	12	16	18	19	20	22	24	25	26	29	31	33	34	37	40	42	46	48	49	50	52	53	54	57	59	64	117	#
285	2125.52	0	1	2	4	5	6	8	15	16	18	20	25	28	29	31	33	34	35	36	40	41	42	43	46	47	50	52	53	56	57	59	63	64	65	117	#
286	268.245	6	50	55	58	118	#
287	325.686	1	10	20	50	118	#
288	277.113	1	40	46	58	118	#
289	274.527	6	13	17	51	118	#
290	265.295	6	13	26	55	118	#
291	2154.62	2	4	7	9	11	13	14	17	18	19	20	23	24	25	26	34	37	41	42	44	46	47	48	51	52	53	55	59	60	61	62	63	64	119	#
292	2391.44	2	4	6	10	11	13	15	18	19	21	25	27	30	33	34	35	36	39	41	44	46	47	48	49	50	51	52	56	57	58	59	63	65	119	#
293	2305.17	7	8	10	13	14	15	18	24	25	26	27	28	29	33	34	35	38	40	41	42	45	46	47	48	50	51	56	59	60	62	63	64	65	119	#
294	2301.4	0	3	4	5	6	7	8	9	10	11	12	14	19	24	25	27	34	35	36	40	41	44	45	47	48	50	54	57	58	62	63	64	65	119	#
295	2279.73	0	1	2	7	9	12	13	14	15	17	18	24	25	26	27	28	32	33	34	35	38	40	46	47	48	50	51	53	56	62	63	64	65	119	#
296	2242.79	1	2	4	7	8	11	12	14	15	19	25	27	28	29	32	33	34	36	38	39	40	42	43	44	47	48	50	51	55	56	57	58	61	119	#
297	154.367	14	29	120	#
298	147.878	14	26	120	#
299	122.79	15	29	120	#
300	135.427	4	16	42	#
301	1378.12	0	2	5	8	10	11	17	19	23	25	26	27	28	33	34	38	40	41	42	46	49	51	55	58	59	61	63	64	121	#
302	1920.19	4	5	9	10	13	15	18	19	20	21	22	24	26	31	35	36	40	42	46	48	49	51	54	56	59	62	63	64	121	#
303	1804.14	1	6	9	10	12	13	14	17	20	22	26	30	31	32	34	36	39	40	41	42	44	46	51	54	57	62	64	65	121	#
304	1766.96	1	3	5	9	13	14	15	18	20	21	25	28	31	33	34	37	42	45	46	48	51	53	54	57	59	63	64	65	121	#
305	1680.3	1	2	9	10	11	12	15	16	18	21	22	30	31	34	35	38	39	42	44	46	55	57	59	60	61	62	64	65	121	#
306	1666.64	0	9	14	18	19	20	22	25	28	31	33	35	36	38	39	40	41	42	46	48	49	54	55	56	57	58	59	63	121	#
307	353.204	8	12	16	24	34	42	54	122	#
308	476.389	2	12	16	21	29	46	54	122	#
309	430.051	20	24	26	33	41	56	62	122	#
310	358.668	8	16	22	25	38	39	53	122	#
311	353.799	5	21	26	39	52	54	57	122	#
312	313.078	26	30	34	42	44	46	60	122	#
313	149.629	30	33	35	60	123	#
314	216.574	3	24	35	41	123	#
315	169.246	6	7	33	54	123	#
316	63.7769	12	21	55	60	123	#
317	726.999	9	13	14	16	40	45	46	50	51	53	56	124	#
318	915.531	4	8	10	14	17	21	22	29	31	40	65	124	#
319	886.302	3	8	9	12	14	16	20	46	52	64	65	124	#
320	803.793	8	10	17	20	25	31	34	47	50	51	53	124	#
321	782.528	1	10	12	22	29	35	37	46	53	63	65	124	#
322	740.487	1	3	4	9	10	14	17	19	25	45	53	124	#
323	160.237	19	53	65	125	#
324	235.371	22	51	65	125	#
325	226.621	51	53	64	125	#
326	56.7831	19	35	41	125	#
327	2690.94	0	1	3	5	6	7	8	9	10	11	13	14	15	16	17	19	20	22	23	24	27	28	29	31	33	36	37	38	40	43	44	45	50	52	53	55	56	57	59	60	63	65	126	#
328	2806.75	0	3	4	5	6	7	8	9	10	11	12	13	15	16	17	19	21	26	27	29	31	32	33	34	36	38	40	41	42	44	45	46	47	48	50	56	57	59	61	62	64	65	126	#
329	2774.18	0	1	4	5	8	9	11	12	13	14	16	17	18	19	23	24	25	27	28	29	31	32	35	36	37	38	39	40	43	44	45	47	48	49	50	53	55	56	57	59	63	64	126	#
330	2757.57	0	1	4	5	6	8	9	10	11	12	14	15	17	18	19	20	21	24	26	27	28	29	31	32	33	36	38	39	46	47	50	51	53	54	56	57	58	59	60	61	63	65	126	#
331	2729.96	0	1	3	4	5	6	7	8	9	10	12	13	15	17	18	19	21	23	24	27	31	32	33	34	36	39	40	43	48	50	52	53	54	55	56	57	58	59	60	63	64	65	126	#
332	2722.72	3	4	5	6	7	8	9	10	11	12	15	17	19	20	21	22	24	27	28	29	31	32	35	36	37	38	39	40	42	43	44	46	49	50	55	56	57	58	59	60	61	64	126	#
333	167.759	6	30	54	127	#
334	165.659	3	6	20	127	#
335	131.584	25	52	54	127	#
336	88.921	0	30	42	127	#
337	96.1856	16	46	59	128	#
338	129.233	13	43	59	128	#
339	125.509	22	46	56	128	#
340	29.7909	52	#
341	281.207	12	22	30	52	55	64	129	#
342	419.767	2	18	41	55	62	65	129	#
343	409.764	12	13	22	24	27	58	129	#
344	381.921	11	14	22	46	52	64	129	#
345	379.583	3	6	21	22	50	58	129	#
346	336.847	0	36	39	45	55	64	129	#
347	2451.57	1	2	3	4	7	8	10	11	12	14	17	19	20	21	22	24	26	27	28	29	30	33	35	36	37	39	42	43	47	50	52	53	54	55	56	58	59	61	62	63	65	130	#
348	2610.22	2	3	4	6	7	9	11	12	13	14	15	19	21	24	26	27	28	29	30	31	32	33	34	35	36	43	44	45	47	48	49	50	53	54	55	56	57	58	61	63	65	130	#
349	2504.65	0	1	2	3	6	7	8	10	11	12	13	16	19	21	24	27	29	30	31	33	35	36	38	39	40	42	43	47	48	50	52	53	54	55	56	57	59	61	62	63	65	130	#
350	2493.61	2	3	4	7	8	9	10	11	12	13	15	17	19	20	22	24	26	27	28	30	31	32	34	35	37	42	43	44	45	46	47	48	49	50	54	55	56	59	62	63	64	130	#
351	2492.84	1	2	6	7	8	9	10	12	13	16	20	21	23	26	27	28	29	30	32	33	34	35	36	37	42	47	48	49	51	52	55	56	57	58	59	60	61	62	63	64	65	130	#
352	2484.46	1	2	4	7	8	9	11	12	13	14	17	18	21	22	23	24	26	27	28	29	31	32	33	34	35	39	40	41	42	47	48	50	51	53	55	57	60	61	62	63	65	130	#
353	501.448	1	15	17	29	31	32	39	44	51	59	60	131	#
354	722.208	13	14	21	29	33	36	48	54	55	59	63	131	#
355	672.375	6	7	12	18	35	47	53	54	58	60	63	131	#
356	622.878	5	14	23	38	42	43	50	51	55	56	63	131	#
357	601.452	2	8	17	19	22	27	31	34	40	42	48	131	#
358	598.199	10	11	12	14	15	17	37	39	48	49	61	131	#
359	541.953	3	9	14	15	20	22	25	28	31	37	44	58	65	132	#
360	753.17	7	9	13	20	22	30	38	40	42	50	52	56	59	132	#
361	730.988	1	12	14	22	24	26	28	29	32	37	40	59	62	132	#
362	685.628	6	7	9	13	15	17	24	41	46	58	61	62	63	132	#
363	682.637	0	10	15	19	23	34	37	43	45	47	52	54	64	132	#
364	669.052	1	6	7	13	14	17	25	29	32	52	55	59	60	132	#
365	1330.31	5	8	12	14	21	22	23	24	25	26	29	39	40	41	43	46	47	53	55	62	63	64	133	#
366	1652.36	2	4	9	10	13	15	22	26	29	31	34	37	43	45	47	49	50	51	53	57	60	64	133	#
367	1612.1	1	6	8	10	14	15	16	18	23	24	27	31	35	40	46	49	53	54	57	58	59	63	133	#
368	1596.67	0	1	5	8	9	13	15	18	23	26	27	29	30	31	36	39	48	51	53	57	63	64	133	#
369	1595.16	3	6	8	10	12	15	16	17	18	24	34	35	40	46	48	52	53	55	57	60	62	63	133	#
370	1591.08	2	4	8	15	17	19	20	22	23	25	26	28	34	35	37	46	47	48	53	54	56	64	133	#
371	3176.17	1	2	3	4	5	6	7	8	10	13	15	17	18	19	20	21	23	24	25	26	27	28	29	31	32	33	34	35	36	37	38	39	40	43	45	46	47	48	50	51	52	53	54	55	56	58	59	62	63	64	65	134	#
372	3300.69	1	2	3	4	5	9	10	13	14	15	17	18	19	20	23	24	25	26	27	28	29	30	31	32	33	34	35	36	37	38	39	40	42	43	44	47	48	49	50	51	52	53	54	56	57	59	61	62	63	64	65	134	#
373	3259.81	1	2	3	4	5	8	9	10	11	12	13	14	15	17	19	20	21	23	24	26	27	28	29	31	33	34	36	38	39	41	42	43	47	48	49	50	51	52	53	54	55	56	57	58	59	60	61	62	63	64	65	134	#
374	3211.51	2	3	4	5	7	8	9	10	11	12	13	14	15	16	19	20	22	23	24	25	26	27	28	29	30	31	32	33	34	35	37	38	39	40	41	42	43	44	47	48	49	50	51	52	53	56	58	62	63	64	65	134	#
375	3195.02	2	3	4	5	6	7	8	9	10	12	13	14	17	18	19	20	21	22	23	24	25	27	28	29	31	32	33	34	35	37	39	40	43	44	46	47	48	49	50	51	54	55	56	57	58	60	61	62	63	64	65	134	#
376	3188.71	0	1	2	3	4	5	6	7	8	10	11	12	13	14	15	16	17	18	19	20	22	23	24	25	26	27	29	30	31	33	34	35	37	38	39	40	43	44	47	48	49	50	51	52	54	56	57	58	63	64	65	134	#
377	233.17	6	22	37	40	42	135	#
378	346.519	6	9	18	40	57	135	#
379	344.29	7	10	17	22	51	135	#
380	250.919	3	30	34	40	49	135	#
381	242.305	3	11	21	40	42	135	#
382	141.945	8	59	136	#
383	44.717	3	59	136	#
384	924.243	5	6	8	10	13	23	26	31	34	44	45	47	48	50	55	58	63	137	#
385	1243.66	2	3	8	10	11	20	31	34	35	42	45	51	54	56	57	63	65	137	#
386	1138.3	0	2	5	6	7	8	10	17	26	35	38	43	46	56	57	59	62	137	#
387	1048.9	10	12	18	20	25	26	31	32	37	46	50	52	56	57	63	64	65	137	#
388	1022.3	3	7	12	13	17	18	20	26	30	32	42	45	49	50	57	63	65	137	#
389	998.689	1	2	9	13	14	25	35	38	44	45	46	47	52	55	56	57	58	137	#
390	69.1155	26	40	#
391	527.207	4	9	17	19	33	38	42	43	50	63	138	#
392	788.737	7	19	23	32	50	56	57	62	63	65	138	#
393	660.502	8	13	16	17	23	26	31	36	47	61	138	#
394	647.87	4	13	15	25	32	37	47	48	55	64	138	#
395	639.611	3	16	26	34	39	42	43	49	50	62	138	#
396	625.957	3	9	12	18	23	26	33	47	56	57	138	#
